Rank	Taxonpath	Taxon	001	002	003	004	005	006	007	008	009	010	011	012	013	014	015	016	017	018	019	020	021	022	023	024	025	026	027	028	029	030	031	032	033	034	035	036	037	038	039	040	041	042	043	044	045	046	047	048	049	050	051	052	053	054	055	056	057	058	059	060	061	062	063	064	065	066	067	068	069	070	071	072	073	074	075	076	077	078	079	080	081	082	083	084	085	086	087	088	089	090	091	092	093	094	095	096	097	098	099	100	101	102	103	104	105	106	107	108	109	110	111	112	113	114	115	116	117	118	119	120	121	122	123	124	125	126	127	128	129	130	131	132	133	134	135	136	137	100b	102b	104b	106b	108b	110b	112b	090b	092b	094b	096b	098b
root	root	root	43	153	150	224	65	75	248	300	21	116	85	176	0	0	6	0	9	59	5	54	19	0	16	5	3	10	2	156	9	129	9	29	36	132	12	51	119	82	0	3	2	192	119	197	19	7	37	0	0	0	0	51	41	92	0	0	0	0	3	35	2	11	76	1	488	0	6	77	3	1	241	11	3	24	61	0	2	185	295	208	169	195	205	23	23	10	29	1	7	73	49	16	62	72	142	37	3	181	80	18	11	24	78	0	1	2	12	24	0	59	27	1	10	0	1	0	3	659	212	776	350	725	333	450	610	52	73	232	12	19	54	0	33	412	455	469	122	118	42	0	9	51	86	29	183	69	86	163	112
meta	Main genome	Main genome	0	0	0	0	0	0	0	0	0	0	0	0	0	0	0	0	0	0	0	0	0	0	0	0	0	0	0	0	0	0	0	0	0	0	0	0	0	0	0	0	0	0	0	0	0	0	0	0	0	0	0	0	0	0	0	0	0	0	0	0	0	0	0	0	0	0	0	0	0	0	0	0	0	0	0	0	0	0	0	0	0	0	0	0	0	0	0	0	0	0	0	0	0	0	0	0	0	0	0	0	0	0	0	0	0	0	0	0	0	0	0	0	0	0	0	0	0	0	0	0	0	0	0	0	0	0	0	0	0	0	0	0	0	0	0	0	0	0	0	0	0	0	0	0	0	0	0	0	0
domain	Main genome;Bacteria	Bacteria	0	0	0	0	0	0	0	0	0	0	0	0	0	0	0	0	0	0	0	0	0	0	0	0	0	0	0	0	0	0	0	0	0	0	0	0	0	0	0	0	0	0	0	0	0	0	0	0	0	0	0	0	0	0	0	0	0	0	0	0	0	0	0	0	0	0	0	0	0	0	0	0	0	0	0	0	0	0	0	0	0	0	0	0	0	0	0	0	0	0	0	0	0	0	0	0	0	0	0	0	0	0	0	0	0	0	0	0	0	0	0	0	0	0	0	0	0	0	0	0	0	0	0	0	0	0	0	0	0	0	0	0	0	0	0	0	0	0	0	0	0	0	0	0	0	0	0	0	0
domain	Main genome;Archaea	Archaea	0	0	0	0	0	0	0	0	0	0	0	0	0	0	0	0	0	0	0	0	0	0	0	0	0	0	0	0	0	0	0	0	0	0	0	0	0	0	0	0	0	0	0	0	0	0	0	0	0	0	0	0	0	0	0	0	0	0	0	0	0	0	0	0	0	0	0	0	0	0	0	0	0	0	0	0	0	0	0	0	0	0	0	0	0	0	0	0	0	0	0	0	0	0	0	0	0	0	0	0	0	0	0	0	0	0	0	0	0	0	0	0	0	0	0	0	0	0	0	0	0	0	0	0	0	0	0	0	0	0	0	0	0	0	0	0	0	0	0	0	0	0	0	0	0	0	0	0	0
superkingdom	Main genome;Bacteria;Bacteria (superkingdom)	Bacteria (superkingdom)	148	184	263	157	88	113	73	91	32	58	19	36	54	45	80	372	300	251	153	809	282	600	1	9	6	0	42	840	505	740	909	1258	1352	955	1160	6	39	1	0	1	16	7	46	1	0	1	0	0	0	0	0	0	0	9	0	0	0	0	0	42	0	0	5	0	0	0	0	66	12	19	22	20	14	7	18	0	30	43	170	57	44	57	113	2	0	48	6	39	25	85	110	3	10	3	48	6	1	3	16	0	0	3	43	0	16	0	39	0	0	87	20	0	0	19	0	4	100	305	146	264	30	72	66	39	37	0	0	47	0	0	0	0	0	1	1	9	0	0	2	0	0	4	129	0	70	3	4	11	1
superkingdom	Main genome;Archaea;Archaea (superkingdom)	Archaea (superkingdom)	0	0	0	0	0	0	0	0	0	0	0	0	0	0	0	0	0	0	0	0	0	0	6	0	34	0	54	0	0	0	0	0	0	0	0	0	0	0	0	0	0	0	0	0	0	0	0	0	0	0	0	0	0	0	0	0	0	0	0	0	0	0	0	0	0	0	0	0	0	0	0	0	0	50	0	0	0	0	0	0	0	0	0	0	0	0	0	0	0	0	0	0	0	0	0	0	0	0	0	0	0	0	0	0	0	0	0	0	0	0	17	0	12	0	0	0	0	0	0	0	0	0	0	0	0	167	228	237	653	300	293	0	0	0	0	0	195	0	0	0	0	0	0	0	0	0	0	0	0
kingdom	Main genome;Bacteria;Bacteria (superkingdom);Proteobacteria superphylum	Proteobacteria superphylum	1282	1724	2073	1907	501	633	421	10	18	102	87	207	56	251	409	605	425	209	353	122	723	98	0	0	31	7	219	266	549	391	481	321	359	357	140	74	72	8	25	1	22	270	462	593	36	65	3	933	4074	948	1121	1460	1105	223	3721	6746	1679	2351	402	361	1715	341	182	75	1124	920	650	713	783	842	1678	1443	2	46	26	0	0	511	567	663	320	723	825	11	5	10	15	0	4	565	1159	3	14	246	278	56	0	458	455	0	0	313	119	0	10	186	202	25	6	159	135	61	41	276	154	312	502	167	432	635	428	602	363	783	840	417	391	38	898	158	338	0	458	187	0	128	304	15	501	0	369	81	307	310	1058	8	463	242	371
kingdom	Main genome;Bacteria;Bacteria (superkingdom);Terrabacteria	Terrabacteria	1130	2363	2042	2138	747	596	333	23	6	1	0	235	200	105	1	1	0	1	1	10	0	4	0	0	0	0	0	2	3	0	2	1	1	9	2	0	75	0	0	0	0	0	0	0	3	0	0	3335	19	3	0	0	0	1	81	25	17	198	13	92	11	0	9	0	66	32	0	891	382	809	1881	1461	23	29	1	11	0	100	153	9	35	216	36	20	2	0	0	0	0	596	902	0	0	46	422	4	0	55	57	0	0	1	181	1	40	6	10	0	0	29	16	0	0	21	0	7	222	0	115	145	60	82	90	290	21	0	67	0	280	0	0	0	3	0	0	0	195	0	1	4	8	0	60	0	1294	1	84	8	52
kingdom	Main genome;Bacteria;Bacteria (superkingdom);FCB group	FCB group	0	0	0	0	0	0	0	0	0	0	0	0	0	0	0	0	0	0	0	0	0	0	0	0	0	0	0	0	0	0	0	0	0	0	0	0	0	0	0	0	0	0	0	0	6	0	19	0	0	0	0	0	0	0	0	0	0	0	0	0	0	0	0	0	0	0	0	0	0	0	0	0	0	0	0	0	0	34	110	55	21	26	46	12	2	0	7	0	19	0	0	0	0	0	0	0	0	6	25	11	2	4	8	0	0	0	0	0	0	0	0	0	0	0	1	0	0	0	1	2	14	48	68	28	27	0	0	0	0	0	0	0	5	4	0	0	12	7	1	0	0	0	0	0	0	0	0	0	1
kingdom	Main genome;Bacteria;Bacteria (superkingdom);Acidobacteria superphylum	Acidobacteria superphylum	0	0	0	0	0	0	0	0	0	0	0	0	0	0	0	0	0	0	0	0	0	0	0	0	0	0	0	0	0	0	0	0	0	0	0	0	0	0	0	0	0	0	0	0	0	0	0	0	0	0	0	0	0	0	0	0	0	0	0	0	0	0	0	0	0	0	0	0	0	0	0	0	0	0	0	0	0	0	0	0	0	0	0	0	0	0	0	0	0	0	0	0	0	0	0	0	0	0	0	0	0	0	0	0	0	0	0	0	0	0	0	0	0	0	0	0	0	0	0	0	0	0	0	0	0	0	0	0	0	0	0	0	0	0	0	0	0	0	0	0	0	0	0	0	0	0	0	0	0
kingdom	Main genome;Bacteria;Bacteria (superkingdom);PVC group (Planctobacteria)	PVC group (Planctobacteria)	0	0	0	0	0	0	0	0	0	0	0	0	0	0	0	0	0	0	0	0	0	0	0	0	0	0	0	0	0	0	0	0	0	0	0	0	0	0	0	0	0	0	0	0	0	0	0	0	0	0	0	0	0	0	0	0	0	0	0	0	0	0	0	0	0	0	0	0	0	0	0	0	0	0	0	0	0	0	0	0	0	0	0	0	0	0	0	0	0	0	0	0	0	0	0	0	0	0	0	0	0	0	0	0	0	0	0	0	0	0	0	0	0	0	0	0	0	0	0	0	0	0	0	0	0	0	0	0	0	0	0	0	0	0	0	0	0	0	0	0	0	0	0	0	0	0	0	0	0
kingdom	Main genome;Bacteria;Bacteria (superkingdom);Spirochaetes superphylum	Spirochaetes superphylum	0	0	0	0	0	0	0	0	0	0	0	0	0	0	0	0	0	0	0	0	0	0	0	0	0	0	0	0	0	0	0	0	0	0	0	0	0	0	0	0	0	0	0	0	0	0	0	0	0	0	0	0	0	0	0	0	0	0	0	0	0	0	0	0	0	0	0	0	0	0	0	0	0	0	0	0	0	0	0	0	0	0	0	0	0	0	0	0	0	0	0	0	0	0	0	0	0	0	0	0	0	0	0	0	0	0	0	0	0	0	0	0	0	0	0	0	0	0	0	0	0	0	0	0	0	0	0	0	0	0	0	0	0	0	0	0	0	0	0	0	0	0	0	0	0	0	0	0	0
kingdom	Main genome;Bacteria;Bacteria (superkingdom);PAUC34f	PAUC34f	2	17	1	4	24	19	25	0	0	0	0	0	0	0	0	0	0	0	0	0	0	0	0	0	0	0	0	0	0	0	0	0	0	0	0	0	0	0	0	0	0	17	1	0	0	0	0	0	0	0	0	0	0	0	0	0	0	0	0	0	0	0	0	0	0	0	0	0	0	0	0	1	0	0	0	0	0	8	101	18	5	3	1	0	0	0	0	0	0	15	10	0	0	100	83	0	10	631	646	7	22	1795	728	248	132	2013	1365	134	103	1616	1189	35	213	2456	2439	2544	4074	2176	3388	3301	185	72	19	18	95	428	37	285	186	202	253	27	0	187	0	474	0	31	3164	812	3525	546	2752	145	18	0	173	0	464
kingdom	Main genome;Bacteria;Bacteria (superkingdom);Halanaerobiaeota superphylum	Halanaerobiaeota superphylum	0	0	0	0	0	0	0	0	0	0	0	0	0	0	0	0	0	0	0	0	0	0	0	0	0	0	0	0	0	0	0	0	0	0	0	0	0	0	0	0	0	0	0	0	0	0	0	0	0	0	0	0	0	0	0	0	0	0	0	0	0	0	0	0	0	0	0	0	0	0	0	0	0	0	0	0	0	0	0	0	0	0	0	0	0	0	0	0	0	0	0	0	0	0	0	0	0	0	0	0	0	0	0	0	0	0	0	0	0	0	0	0	0	0	0	0	0	0	0	0	0	0	0	0	0	0	0	0	0	0	0	0	0	0	0	0	0	0	0	0	0	0	0	0	0	0	0	0	0
kingdom	Main genome;Bacteria;Bacteria (superkingdom);Dependentiae superphylum	Dependentiae superphylum	0	0	0	0	0	0	0	0	0	0	0	0	0	0	0	0	0	0	0	0	0	0	0	0	0	0	0	0	0	0	0	0	0	0	0	0	0	0	0	0	0	0	0	0	0	0	0	0	0	0	0	0	0	0	0	0	0	0	0	0	0	0	0	0	0	0	0	0	0	0	0	0	0	0	0	0	0	0	0	0	0	0	0	0	0	0	0	0	0	0	0	0	0	0	0	0	0	0	0	0	0	0	0	0	0	0	0	0	0	0	0	0	0	0	0	0	0	0	0	0	0	0	0	0	0	0	0	0	0	0	0	0	0	0	0	0	0	0	0	0	0	0	0	0	0	0	0	0	0
kingdom	Main genome;Bacteria;Bacteria (superkingdom);Fusobacteria superphylum	Fusobacteria superphylum	0	0	0	0	0	0	0	0	0	0	0	0	0	0	0	0	0	0	0	0	0	0	0	0	0	0	0	0	0	0	0	0	0	0	0	0	0	0	0	0	0	0	0	0	0	0	0	0	0	0	0	0	0	0	0	0	0	0	0	0	0	0	0	0	0	0	0	0	0	0	0	0	0	0	0	0	0	0	0	0	0	0	0	0	0	0	0	0	0	0	0	0	0	0	0	0	0	0	0	0	0	0	0	0	0	0	0	0	0	0	0	0	0	0	0	0	0	0	0	0	0	0	0	0	0	0	0	0	0	0	0	0	0	0	0	0	0	0	0	0	0	0	0	0	0	0	0	0	0
kingdom	Main genome;Bacteria;Bacteria (superkingdom);Thermotogota superphylum	Thermotogota superphylum	0	0	0	0	0	0	0	0	0	0	0	0	0	0	0	0	0	0	0	0	0	0	0	0	0	0	0	0	0	0	0	0	0	0	0	0	0	0	0	0	0	0	0	0	0	0	0	0	0	0	0	0	0	0	0	0	0	0	0	0	0	0	0	0	0	0	0	0	0	0	0	0	0	0	0	0	0	0	0	0	0	0	0	0	0	0	0	0	0	0	0	0	0	0	0	0	0	0	0	0	0	0	0	0	0	0	0	0	0	0	0	0	0	0	0	0	0	0	0	0	0	0	0	0	0	0	0	0	0	0	0	0	0	0	0	0	0	0	0	0	0	0	0	0	0	0	0	0	0
kingdom	Main genome;Bacteria;Bacteria (superkingdom);Nitrospirae superphylum	Nitrospirae superphylum	0	0	0	0	0	0	0	0	0	0	0	0	0	0	0	0	0	0	0	0	0	0	0	0	0	0	0	0	0	0	0	0	0	0	0	0	0	0	0	0	0	0	0	0	0	0	0	0	0	0	0	0	0	0	0	0	0	0	0	0	0	0	0	0	0	0	0	0	0	0	0	0	0	0	0	0	0	0	0	0	0	0	0	0	0	0	0	0	0	0	0	0	0	0	0	0	0	0	0	0	0	0	0	0	0	0	0	0	0	0	0	0	0	0	0	0	0	0	0	0	0	0	0	0	0	0	0	0	0	0	0	0	0	0	0	0	0	0	0	0	0	0	0	0	0	0	0	0	0
kingdom	Main genome;Bacteria;Bacteria (superkingdom);Nitrospinae Tectomicrobia group	Nitrospinae Tectomicrobia group	0	0	0	0	0	0	0	0	0	0	0	0	0	0	0	0	0	0	0	0	0	0	0	0	0	0	0	0	0	0	0	0	0	0	0	0	0	0	0	0	0	0	0	0	0	0	0	0	0	0	0	0	0	0	0	0	0	0	0	0	0	0	0	0	0	0	0	0	0	0	0	0	0	0	0	0	0	0	0	0	0	0	0	0	0	0	0	0	0	0	0	0	0	0	0	0	0	0	0	0	0	0	0	0	0	0	0	0	0	0	0	0	0	0	0	0	0	0	0	0	0	0	0	0	0	0	0	0	0	0	0	0	0	0	0	0	0	0	0	0	0	0	0	0	0	0	0	0	0
kingdom	Main genome;Bacteria;Bacteria (superkingdom);Hydrogenedentes superphylum	Hydrogenedentes superphylum	0	0	0	0	0	0	0	0	0	0	0	0	0	0	0	0	0	0	0	0	0	0	0	0	0	0	0	0	0	0	0	0	0	0	0	0	0	0	0	0	0	0	0	0	0	0	0	0	0	0	0	0	0	0	0	0	0	0	0	0	0	0	0	0	0	0	0	0	0	0	0	0	0	0	0	0	0	0	0	0	0	0	0	0	0	0	0	0	0	0	0	0	0	0	0	0	0	0	0	0	0	0	0	0	0	0	0	0	0	0	0	0	0	0	0	0	0	0	0	0	0	0	0	0	0	0	0	0	0	0	0	0	0	0	0	0	0	0	0	0	0	0	0	0	0	0	0	0	0
kingdom	Main genome;Bacteria;Bacteria (superkingdom);Elusimicrobiota superphylum	Elusimicrobiota superphylum	0	0	0	0	0	0	0	0	0	0	0	0	0	0	0	0	0	0	0	0	0	0	0	0	0	0	0	0	0	0	0	0	0	0	0	0	0	0	0	0	0	0	0	0	0	0	0	0	0	0	0	0	0	0	0	0	0	0	0	0	0	0	0	0	0	0	0	0	0	0	0	0	0	0	0	0	0	0	0	0	0	0	0	0	0	0	0	0	0	0	0	0	0	0	0	0	0	0	0	0	0	0	0	0	0	0	0	0	0	0	0	0	0	0	0	0	0	0	0	0	0	0	0	0	0	0	0	0	0	0	0	0	0	0	0	0	0	0	0	0	0	0	0	0	0	0	0	0	0
kingdom	Main genome;Bacteria;Bacteria (superkingdom);AncK6	AncK6	0	0	0	0	0	0	0	0	0	0	0	0	0	0	0	0	0	0	0	0	0	0	0	0	0	0	0	0	0	0	0	0	0	0	0	0	0	0	0	0	0	0	0	0	0	0	0	0	0	0	0	0	0	0	0	0	0	0	0	0	0	0	0	0	0	0	0	0	0	0	0	0	0	0	0	0	0	0	0	0	0	0	0	0	0	0	0	0	0	0	0	0	0	0	0	0	0	0	0	0	0	23	46	0	0	67	50	0	6	92	135	11	0	86	204	170	169	239	279	12	0	0	0	0	0	2	0	0	0	0	0	0	0	0	0	0	0	0	62	0	111	0	146	57	0	0	0	0	0
kingdom	Main genome;Bacteria;Bacteria (superkingdom);Sumerlaeota superphylum	Sumerlaeota superphylum	0	0	0	0	0	0	0	0	0	0	0	0	0	0	0	0	0	0	0	0	0	0	0	0	0	0	0	0	0	0	0	0	0	0	0	0	0	0	0	0	0	0	0	0	0	0	0	0	0	0	0	0	0	0	0	0	0	0	0	0	0	0	0	0	0	0	0	0	0	0	0	0	0	0	0	0	0	0	0	0	0	0	0	0	0	0	0	0	0	0	0	0	0	0	0	0	0	0	0	0	0	0	0	0	0	0	0	0	0	0	0	0	0	0	0	0	0	0	0	0	0	0	0	0	0	0	0	0	0	0	0	0	0	0	0	0	0	0	0	0	0	0	0	0	0	0	0	0	0
kingdom	Main genome;Bacteria;Bacteria (superkingdom);Dadabacteria superphylum	Dadabacteria superphylum	0	0	0	0	0	0	0	0	0	0	0	0	0	0	0	0	0	0	0	0	0	0	0	0	0	0	0	0	0	0	0	0	0	0	0	0	0	0	0	0	0	0	0	0	0	0	0	0	0	0	0	0	0	0	0	0	0	0	0	0	0	0	0	0	0	0	0	0	0	0	0	0	0	0	0	0	0	0	0	0	0	0	0	0	0	0	0	0	0	0	0	0	0	0	0	0	0	0	0	0	0	0	0	0	0	0	0	0	0	0	0	0	0	0	0	0	0	0	0	0	0	0	0	0	0	0	0	0	0	0	0	0	0	0	0	0	0	0	0	0	0	0	0	0	0	0	0	0	0
kingdom	Main genome;Bacteria;Bacteria (superkingdom);Margulisbacteria superphylum	Margulisbacteria superphylum	0	0	0	0	0	0	0	0	0	0	0	0	0	0	0	0	0	0	0	0	0	0	0	0	0	0	0	0	0	0	0	0	0	0	0	0	0	0	0	0	0	0	0	0	0	0	0	0	0	0	0	0	0	0	0	0	0	0	0	0	0	0	0	0	0	0	0	0	0	0	0	0	0	0	0	0	0	0	0	0	0	0	0	0	0	0	0	0	0	0	0	0	0	0	0	0	0	0	0	0	0	0	0	0	0	0	0	0	0	0	0	0	0	0	0	0	0	0	0	0	0	0	0	0	0	0	0	0	0	0	0	0	0	0	0	0	0	0	0	0	0	0	0	0	0	0	0	0	0
kingdom	Main genome;Bacteria;Bacteria (superkingdom);Schekmanbacteria superphylum	Schekmanbacteria superphylum	0	0	0	0	0	0	0	0	0	0	0	0	0	0	0	0	0	0	0	0	0	0	0	0	0	0	0	0	0	0	0	0	0	0	0	0	0	0	0	0	0	0	0	0	0	0	0	0	0	0	0	0	0	0	0	0	0	0	0	0	0	0	0	0	0	0	0	0	0	0	0	0	0	0	0	0	0	0	0	0	0	0	0	0	0	0	0	0	0	0	0	0	0	0	0	0	0	0	0	0	0	0	0	0	0	0	0	0	0	0	0	0	0	0	0	0	0	0	0	0	0	0	0	0	0	0	0	0	0	0	0	0	0	0	0	0	0	0	0	0	0	0	0	0	0	0	0	0	0
kingdom	Main genome;Bacteria;Bacteria (superkingdom);WPS-2	WPS-2	409	385	582	350	248	243	189	0	1	5	0	0	0	0	0	0	0	0	0	0	0	0	0	0	0	0	0	0	0	0	0	0	0	0	0	0	0	0	0	0	0	0	0	0	0	0	0	0	0	0	0	0	0	0	0	0	0	0	0	0	0	0	9	0	0	1	0	109	175	80	103	66	0	0	0	0	0	2	28	48	7	0	78	0	0	0	0	0	0	313	275	4	1	590	374	0	0	63	178	50	0	4	18	0	0	1	0	0	1	2	0	0	0	2	0	0	0	142	0	0	0	36	42	21	24	0	0	0	48	78	0	41	385	0	0	0	0	176	3	0	1	0	5	0	606	24	954	0	60
kingdom	Main genome;Archaea;Archaea (superkingdom);Euryarchaea sensu lato superphylum	Euryarchaea sensu lato superphylum	0	0	0	0	0	0	0	0	0	0	0	0	0	0	0	0	0	0	0	0	0	0	0	0	0	0	0	0	0	0	0	0	0	0	0	0	0	0	0	0	0	0	0	0	0	0	0	0	0	0	0	0	0	0	0	0	0	0	0	0	0	0	0	0	0	0	0	0	0	0	0	0	0	0	0	0	0	0	0	0	0	0	0	0	0	0	0	0	0	0	0	0	0	0	0	0	0	0	0	0	0	0	0	0	0	0	0	0	0	0	0	0	0	0	0	0	0	0	0	0	0	0	0	0	0	0	0	0	0	0	0	0	0	0	0	0	0	0	0	0	0	0	0	0	0	0	0	0	0
kingdom	Main genome;Archaea;Archaea (superkingdom);TACK	TACK	0	0	0	0	0	0	0	0	0	0	0	0	0	0	0	0	0	0	0	0	0	0	0	0	0	0	0	0	0	0	0	0	0	0	0	0	0	0	0	0	0	0	0	0	0	0	0	0	0	0	0	0	0	0	0	0	0	0	0	0	0	0	0	0	0	0	0	0	0	0	0	0	0	0	0	0	0	0	0	0	0	0	0	0	0	0	0	0	0	0	0	0	0	0	0	0	0	0	0	0	0	0	0	0	0	0	0	0	0	0	0	0	0	0	0	0	0	0	0	0	0	0	0	0	0	0	0	0	0	0	0	0	0	0	0	0	0	0	0	0	0	0	0	0	0	0	0	0	0
kingdom	Main genome;Archaea;Archaea (superkingdom);DPANN	DPANN	0	0	0	0	0	0	0	0	0	0	0	0	0	0	0	0	0	0	0	0	0	0	0	0	0	0	0	0	0	0	0	0	0	0	0	0	0	0	0	0	0	0	0	0	0	0	0	0	0	0	0	0	0	0	0	0	0	0	0	0	0	0	0	0	0	0	0	0	0	0	0	0	0	0	0	0	0	0	0	0	0	0	0	0	0	0	0	0	0	0	0	0	0	0	0	0	0	0	0	0	0	0	0	0	0	0	0	0	0	0	0	0	0	0	0	0	0	0	0	0	0	0	0	0	0	0	0	0	0	0	0	0	0	0	0	0	0	0	0	0	0	0	0	0	0	0	0	0	0
phylum	Main genome;Bacteria;Bacteria (superkingdom);Proteobacteria superphylum;Proteobacteria	Proteobacteria	81	86	134	84	29	70	23	89	0	36	0	10	15	31	229	4	4	7	49	21	33	0	62	26	43	0	8	99	190	248	43	21	162	204	118	275	95	253	122	26	46	118	64	115	36	10	26	908	2038	437	1359	896	516	0	2147	4521	1137	1101	515	153	375	93	106	106	355	477	627	88	0	0	0	0	0	0	0	16	0	236	311	150	77	130	60	46	5	102	7	0	35	56	2	0	33	55	87	0	0	76	49	24	0	0	0	0	0	0	0	0	0	0	1	0	0	0	0	0	0	0	0	198	369	408	219	225	279	128	342	0	0	0	0	5	7	218	119	115	24	70	0	0	0	0	0	0	124	6	127	0	66
phylum	Main genome;Bacteria;Bacteria (superkingdom);Proteobacteria superphylum;Desulfobacterota	Desulfobacterota	0	0	0	0	0	0	0	0	0	0	0	0	0	0	0	0	0	2	0	14	0	0	0	0	0	0	0	0	0	0	0	0	0	0	0	0	0	0	0	0	0	4	0	9	0	0	0	0	0	0	0	0	0	0	0	0	0	0	0	0	0	6	36	0	0	0	0	0	13	0	0	0	0	0	0	0	0	8	66	9	54	78	60	0	0	0	0	0	0	0	0	0	0	31	2	0	0	337	661	0	1	346	191	5	6	27	7	0	0	0	14	4	0	1	5	2	3	118	122	220	89	123	10	14	79	0	0	0	0	0	0	0	0	0	0	0	0	0	597	13	67	0	1	9	0	0	40	0	264
phylum	Main genome;Bacteria;Bacteria (superkingdom);Proteobacteria superphylum;Myxococcota	Myxococcota	0	0	0	0	0	0	0	0	0	0	0	0	0	0	0	0	0	0	0	0	0	0	0	0	0	0	0	0	0	0	0	0	0	0	0	0	0	0	0	0	0	0	0	0	0	0	0	0	0	0	0	0	0	0	0	0	0	0	0	0	0	0	0	0	0	0	0	0	0	0	0	0	0	0	0	0	0	0	0	0	0	0	0	0	0	0	0	0	0	0	0	0	0	0	0	0	0	0	0	0	0	0	0	0	0	0	0	0	0	0	0	0	0	0	0	0	0	0	0	0	0	0	0	0	0	0	0	0	0	0	0	0	0	0	0	0	0	0	0	0	0	0	0	0	0	0	0	0	0
phylum	Main genome;Bacteria;Bacteria (superkingdom);Proteobacteria superphylum;Bdellovibrionota	Bdellovibrionota	0	0	0	0	0	0	0	0	0	0	0	0	0	0	0	0	0	0	0	0	0	0	0	0	0	0	0	0	0	0	0	0	0	0	0	0	0	0	0	0	0	0	0	0	0	0	0	0	0	0	0	0	0	0	0	0	0	0	0	0	0	0	0	0	0	0	0	0	0	0	0	0	0	0	0	0	0	0	0	0	0	0	0	0	0	0	0	0	0	0	0	0	0	0	0	0	0	0	0	0	0	0	0	0	0	0	0	0	0	0	0	0	0	0	0	0	0	0	0	0	0	0	0	0	0	0	0	0	0	0	0	0	0	0	0	0	0	0	0	0	0	0	0	0	0	0	0	0	0
phylum	Main genome;Bacteria;Bacteria (superkingdom);Proteobacteria superphylum;NB1-j	NB1-j	18	8	0	39	0	0	0	0	0	0	0	0	0	0	0	0	0	0	0	0	0	0	0	0	0	0	0	0	0	0	0	0	0	0	0	0	0	0	0	0	0	0	0	0	0	0	0	0	0	0	0	0	0	0	0	0	0	0	0	0	0	0	79	0	0	0	0	7	0	4	0	0	0	0	0	0	0	74	97	37	30	77	83	0	0	0	0	0	0	0	9	0	0	33	10	0	0	302	241	0	0	2725	1184	42	52	3635	2394	2	9	2619	3001	2	2	4969	3844	3851	5304	13157	7255	4233	953	65	67	4	10	20	0	3	53	0	79	8	0	0	0	418	0	0	4668	152	5687	4	4157	3	0	0	47	0	265
phylum	Main genome;Bacteria;Bacteria (superkingdom);Proteobacteria superphylum;SAR324 clade(Marine group B)	SAR324 clade(Marine group B)	1198	1751	2149	6316	3669	3916	3285	1493	402	745	1347	1044	607	3003	357	169	84	48	404	64	494	0	40	98	29	84	60	2328	2521	2931	1236	1240	734	1537	1028	595	111	263	46	112	25	1585	1677	1454	168	258	108	62	1009	100	190	261	453	157	136	195	38	10	73	53	154	18	130	5	94	119	155	3222	3354	627	1165	1312	2491	1635	14375	5645	10696	1771	2599	2024	1109	1691	2782	4083	3982	4935	4516	5255	4141	2923	7346	6905	2517	7180	6916	6427	4120	6554	7487	3628	2152	21325	4976	3684	2012	6036	3690	674	557	3926	4524	1257	1162	30548	26696	31210	42667	14736	13979	11664	7426	6899	5376	4189	5704	3445	3564	2078	2628	3401	3303	14563	28211	10235	13578	10574	6333	11378	35926	12356	9583	2420	6711	4725	5422	24754	11572	22252	5982
phylum	Main genome;Bacteria;Bacteria (superkingdom);Terrabacteria;Firmicutes	Firmicutes	0	0	27	13	9	1	1	0	0	5	0	13	0	1	0	0	0	0	180	0	0	0	0	0	0	0	0	0	0	0	0	0	0	0	0	0	73	0	0	0	0	0	0	0	0	0	0	0	0	0	0	0	0	0	0	0	0	0	0	0	0	0	17	0	0	0	0	38	20	0	0	0	0	0	0	0	0	80	310	124	67	121	129	3	0	3	0	1	0	28	0	0	4	40	11	0	0	2	1	0	0	0	0	0	0	0	0	0	0	0	0	0	0	0	0	0	0	0	0	0	76	381	300	203	210	0	0	0	0	0	0	0	0	60	3	16	49	0	0	0	0	0	0	0	25	0	61	0	1
phylum	Main genome;Bacteria;Bacteria (superkingdom);Terrabacteria;Cyanobacteria	Cyanobacteria	0	0	0	0	0	0	0	0	0	0	0	0	0	0	0	0	0	0	0	0	0	0	0	0	0	0	0	0	0	0	0	0	0	0	0	0	0	0	0	0	0	0	0	0	0	0	0	0	0	0	0	0	0	0	0	0	0	0	0	0	0	0	0	0	0	0	0	0	0	0	0	0	0	0	0	0	0	0	0	0	0	0	0	0	0	0	0	0	0	0	0	0	0	0	0	0	0	0	0	0	0	0	0	0	0	0	0	0	0	0	0	0	0	0	0	0	0	0	0	0	0	0	0	0	0	0	0	0	0	0	0	0	0	0	0	0	0	0	0	0	0	0	0	0	0	0	0	0	0
phylum	Main genome;Bacteria;Bacteria (superkingdom);Terrabacteria;Actinobacteriota	Actinobacteriota	0	0	0	0	0	0	0	0	0	0	0	0	0	0	0	0	0	0	0	0	0	0	0	0	0	0	0	0	0	0	0	0	0	0	0	0	0	0	0	0	0	0	0	0	0	0	0	0	0	0	0	0	0	0	0	0	0	0	0	0	0	0	0	0	0	0	0	0	0	0	0	0	0	0	0	0	0	0	0	0	0	0	0	0	0	0	0	0	0	0	0	0	0	0	0	0	0	0	0	0	0	0	0	0	0	0	0	0	0	0	0	0	0	0	0	0	0	0	0	0	0	0	0	0	0	0	0	0	0	0	0	0	0	0	0	0	0	0	0	0	0	0	0	0	0	0	0	0	0
phylum	Main genome;Bacteria;Bacteria (superkingdom);Terrabacteria;Chloroflexi	Chloroflexi	0	0	0	0	0	0	0	0	0	0	0	0	0	0	0	0	0	0	0	0	0	0	0	0	0	0	0	0	0	0	0	0	0	0	0	0	0	0	0	0	0	0	0	0	0	0	0	0	0	0	0	0	0	0	0	0	0	0	0	0	0	0	0	0	0	0	0	0	0	0	0	0	0	0	0	0	0	0	0	0	0	0	0	0	0	0	0	0	0	0	0	0	0	0	0	0	0	0	0	0	0	0	0	0	0	0	0	0	0	0	0	0	0	0	0	0	0	0	0	0	0	0	0	0	0	0	0	0	0	0	0	0	0	0	0	0	0	0	0	0	0	0	0	0	0	0	0	0	0
phylum	Main genome;Bacteria;Bacteria (superkingdom);Terrabacteria;Deinococcota	Deinococcota	0	0	0	0	0	0	0	0	0	0	0	0	0	0	0	0	0	0	0	0	0	0	0	0	0	0	0	0	0	0	0	0	0	0	0	0	0	0	0	0	0	0	0	0	0	0	0	0	0	0	0	0	0	0	0	0	0	0	0	0	0	0	0	0	0	0	0	0	0	0	0	0	0	0	0	0	0	0	0	0	0	0	0	0	0	0	0	0	0	0	0	0	0	0	0	0	0	0	0	0	0	0	0	0	0	0	0	0	0	0	0	0	0	0	0	0	0	0	0	0	0	0	0	0	0	0	0	0	0	0	0	0	0	0	0	0	0	0	0	0	0	0	0	0	0	0	0	0	0
phylum	Main genome;Bacteria;Bacteria (superkingdom);Terrabacteria;Armatimonadota	Armatimonadota	0	0	0	0	0	0	0	0	0	0	0	0	3	0	0	0	0	0	0	0	0	0	0	0	0	0	0	0	0	0	0	0	0	0	0	0	0	0	0	0	0	0	0	0	0	0	0	0	0	0	0	0	0	0	84	0	0	0	0	0	0	0	0	0	0	0	0	0	0	0	0	0	0	0	0	0	0	0	37	17	2	32	17	0	0	0	0	0	0	0	0	0	0	0	1	0	0	0	0	0	0	0	0	0	0	0	0	0	0	0	0	0	0	0	0	2	49	0	0	0	0	0	3	45	0	0	0	0	0	0	0	0	0	0	0	0	0	0	0	0	0	0	0	0	0	0	0	0	0
phylum	Main genome;Bacteria;Bacteria (superkingdom);Terrabacteria;Saccharimonadia	Saccharimonadia	0	0	0	0	0	0	0	0	0	0	0	0	0	0	0	0	0	0	0	0	0	0	0	0	0	0	0	0	0	0	0	0	0	0	0	0	0	0	0	0	0	0	0	0	0	0	0	0	0	0	0	0	0	0	0	0	0	0	0	0	0	0	0	0	0	0	0	0	0	0	0	0	0	0	0	0	0	0	0	0	0	0	0	0	0	0	0	0	0	0	0	0	0	0	0	0	0	0	0	0	0	0	0	0	0	0	0	0	0	0	0	0	0	0	0	0	0	0	0	0	0	0	0	0	0	0	0	0	0	0	0	0	0	0	0	0	0	0	0	0	0	0	0	0	0	0	0	0	0
phylum	Main genome;Bacteria;Bacteria (superkingdom);FCB group;Bacteroidota	Bacteroidota	0	0	0	0	0	0	0	0	0	0	0	0	0	0	0	0	0	0	0	0	0	0	0	0	0	0	0	0	0	0	0	0	0	0	0	0	0	0	0	0	0	0	0	0	0	0	0	0	0	0	0	0	0	0	0	0	0	0	0	0	0	0	0	0	0	0	0	0	0	0	0	0	0	0	0	0	0	0	0	0	0	0	0	0	0	0	0	0	0	0	0	0	0	0	0	0	0	0	0	0	0	0	0	0	0	0	0	0	0	0	0	0	0	0	0	0	0	0	0	0	0	0	0	0	0	0	0	0	0	0	0	0	0	0	0	0	0	0	0	0	0	0	0	0	0	0	0	0	0
phylum	Main genome;Bacteria;Bacteria (superkingdom);FCB group;Gemmatimonadota	Gemmatimonadota	0	0	0	0	0	0	0	0	0	0	0	0	0	0	0	0	0	0	0	0	0	0	0	0	0	0	0	0	0	0	0	0	0	0	0	0	0	0	0	0	0	0	0	0	0	0	0	0	0	0	0	0	0	0	0	0	0	0	0	0	0	0	0	0	0	0	0	0	0	0	0	0	0	0	0	0	0	0	0	0	0	0	0	0	0	0	0	0	0	0	0	0	0	0	0	0	0	0	0	0	0	0	0	0	0	0	0	0	0	0	0	0	0	0	0	0	0	0	0	0	0	0	0	0	0	0	0	0	0	0	0	0	0	0	0	0	0	0	0	0	0	0	0	0	0	0	0	0	0
phylum	Main genome;Bacteria;Bacteria (superkingdom);FCB group;Marinimicrobia (SAR406 clade)	Marinimicrobia (SAR406 clade)	8837	10310	11687	12388	9454	9036	8392	7374	1963	2730	2794	3566	2804	3277	2934	3706	2606	3482	4708	3290	5129	1521	246	333	76	196	1229	7268	6394	5090	3316	4611	2738	4088	3540	4277	2499	4658	942	1900	997	5802	9040	4629	672	711	808	0	100	7	114	102	30	32	81	200	0	14	25	64	33	24	556	208	973	45	25	14694	15070	7615	10392	20822	3691	3456	5969	6111	9495	8383	8951	7885	5456	7286	10903	12703	12222	14685	16937	14981	8811	9692	13128	4316	5157	18596	19199	7030	6329	29081	37507	8653	5814	40683	17855	11591	6318	42933	31200	5895	4272	30545	32184	6135	5044	59951	55544	63360	85931	72090	65088	68441	30424	26326	17547	18394	20443	12318	13120	17639	20131	16223	19523	36315	43905	29430	15379	23183	14625	31398	74207	41060	73637	22492	55327	24781	18463	17428	32085	27147	24275
phylum	Main genome;Bacteria;Bacteria (superkingdom);FCB group;Fibrobacterota	Fibrobacterota	0	0	0	0	0	0	0	0	0	0	0	0	0	0	0	0	0	0	0	0	0	0	0	0	0	0	0	0	0	0	0	0	0	0	0	0	0	0	0	0	0	0	0	0	0	0	0	0	0	0	0	0	0	0	0	0	0	0	0	0	0	0	0	0	0	0	0	0	0	0	0	0	0	0	0	0	0	0	0	0	0	0	0	0	0	0	0	0	0	0	0	0	0	0	0	0	0	0	0	0	0	0	0	0	0	0	0	0	0	0	0	0	0	0	0	0	0	0	0	0	0	0	0	0	0	0	0	0	0	0	0	0	0	0	0	0	0	0	0	0	0	0	0	0	0	0	0	0	0
phylum	Main genome;Bacteria;Bacteria (superkingdom);Acidobacteria superphylum;Acidobacteriota	Acidobacteriota	0	0	0	0	0	0	0	0	0	0	0	0	0	0	0	0	0	0	0	0	0	0	0	0	0	0	0	0	0	0	0	0	0	0	0	0	0	0	0	0	0	0	0	0	0	0	0	0	0	0	0	0	0	0	0	0	0	0	0	0	0	0	0	0	0	0	0	0	0	0	0	0	0	0	0	0	0	0	0	0	0	0	0	0	0	0	0	0	0	0	0	0	0	0	0	0	0	0	0	0	0	0	0	0	0	104	21	0	0	0	25	0	0	0	14	0	0	0	0	5	0	0	0	0	0	0	0	0	0	0	0	0	0	0	0	0	0	0	0	0	177	0	0	0	0	0	0	0	0
phylum	Main genome;Bacteria;Bacteria (superkingdom);PVC group (Planctobacteria);Verrucomicrobiota	Verrucomicrobiota	0	0	0	0	0	0	0	0	0	0	0	0	0	0	0	0	0	0	0	0	0	0	0	0	0	0	0	0	0	0	0	0	0	0	0	0	0	0	0	0	0	0	0	0	0	0	0	0	0	0	0	0	0	0	0	0	0	0	0	0	0	0	0	0	0	0	0	0	0	0	0	0	0	0	0	0	0	0	0	0	0	0	0	0	0	0	0	0	0	0	0	0	0	0	0	0	0	0	0	0	0	0	0	0	0	0	0	0	0	0	0	0	0	0	0	0	0	0	0	0	0	0	0	0	0	0	0	0	0	0	0	0	0	0	0	0	0	0	0	0	0	0	0	0	0	0	0	0	0
phylum	Main genome;Bacteria;Bacteria (superkingdom);PVC group (Planctobacteria);Planctomycetota	Planctomycetota	0	0	0	0	0	0	0	0	0	0	0	0	0	0	0	0	0	0	0	0	0	0	0	0	0	0	0	0	0	0	0	0	0	0	0	0	0	0	0	0	0	0	0	0	0	0	0	0	0	0	0	0	0	0	0	0	0	0	0	0	0	0	0	0	0	0	0	0	0	0	0	0	0	0	0	0	0	0	0	0	0	0	0	0	0	0	0	0	0	0	0	0	0	0	0	0	0	0	0	0	0	0	0	0	0	0	0	0	0	12	1	0	0	8	3	1	6	122	14	0	0	0	0	0	0	0	0	0	0	0	0	0	0	0	0	0	0	0	0	0	0	0	51	0	0	0	0	0	0
phylum	Main genome;Bacteria;Bacteria (superkingdom);PVC group (Planctobacteria);Latescibacterota	Latescibacterota	0	0	0	0	0	0	0	0	0	0	0	0	0	0	0	0	0	0	0	0	50	0	0	0	0	0	0	0	0	0	0	0	0	0	0	0	0	0	0	0	0	0	0	0	0	0	0	0	0	0	0	0	0	0	0	0	0	0	0	0	0	0	30	0	0	0	0	0	0	0	0	0	0	0	0	0	0	0	0	0	0	0	0	0	0	0	0	0	0	0	0	0	0	0	0	0	0	0	3	0	0	106	4	0	0	0	0	0	0	0	0	0	0	0	0	0	119	0	0	0	0	0	0	0	0	0	0	0	0	0	0	0	0	0	0	0	0	0	139	0	0	0	0	0	0	0	0	0	0
phylum	Main genome;Bacteria;Bacteria (superkingdom);Spirochaetes superphylum;Spirochaetota	Spirochaetota	0	0	0	0	0	0	0	0	0	0	0	0	0	0	0	0	0	0	0	0	0	0	0	0	0	0	0	0	0	0	0	0	0	0	0	0	0	0	0	0	0	0	0	0	0	0	0	0	0	0	0	0	0	0	0	0	0	0	0	0	0	0	0	0	0	0	0	0	0	0	0	0	0	0	0	0	0	0	0	0	0	0	0	0	0	0	0	0	0	0	0	0	0	0	0	0	0	0	0	0	0	0	0	0	0	0	0	0	0	0	0	0	0	0	0	0	0	0	0	0	0	0	0	0	0	0	0	0	0	0	0	0	0	0	0	0	0	0	0	0	0	0	0	0	0	0	0	0	0
phylum	Main genome;Bacteria;Bacteria (superkingdom);Halanaerobiaeota superphylum;Halanaerobiaeota	Halanaerobiaeota	0	0	0	0	0	0	0	0	0	0	0	0	0	0	0	0	0	0	0	0	0	0	0	0	0	0	0	0	0	0	0	0	0	0	0	0	0	0	0	0	0	0	0	0	0	0	0	0	0	0	0	0	0	0	0	0	0	0	0	0	0	0	0	0	0	0	0	0	0	0	0	0	0	0	0	0	0	0	0	0	0	0	0	0	0	0	0	0	0	0	0	0	0	0	0	0	0	0	0	0	0	0	0	0	0	0	0	0	0	0	0	0	0	0	0	0	0	0	0	0	0	0	0	0	0	0	0	0	0	0	0	0	0	0	0	0	0	0	0	0	0	0	0	0	0	0	0	0	0
phylum	Main genome;Bacteria;Bacteria (superkingdom);Dependentiae superphylum;Dependentiae	Dependentiae	0	0	0	0	0	0	0	0	0	0	0	0	0	0	0	0	0	0	0	0	0	0	0	0	0	0	0	0	0	0	0	0	0	0	0	0	0	0	0	0	0	0	0	0	0	0	0	0	0	0	0	0	0	0	0	0	0	0	0	0	0	0	0	0	0	0	0	0	0	0	0	0	0	0	0	0	0	0	0	0	0	0	0	0	0	0	0	0	0	0	0	0	0	0	0	0	0	0	0	0	0	0	0	0	0	0	0	0	0	0	0	0	0	0	0	0	0	0	0	0	0	0	0	0	0	0	0	0	0	0	0	0	0	0	0	0	0	0	0	0	0	0	0	0	0	0	0	0	0
phylum	Main genome;Bacteria;Bacteria (superkingdom);Fusobacteria superphylum;Fusobacteriota	Fusobacteriota	0	0	0	0	0	0	0	0	0	0	0	0	0	0	0	0	0	0	0	0	0	0	0	0	0	0	0	0	0	0	0	0	0	0	0	0	0	0	0	0	0	0	0	0	0	0	0	0	0	0	0	0	0	0	0	0	0	0	0	0	0	0	0	0	0	0	0	0	0	0	0	0	0	0	0	0	0	0	0	0	0	0	0	0	0	0	0	0	0	0	0	0	0	0	0	0	0	0	0	0	0	0	0	0	0	0	0	0	0	0	0	0	0	0	0	0	0	0	0	0	0	0	0	0	0	0	0	0	0	0	0	0	0	0	0	0	0	0	0	0	0	0	0	0	0	0	0	0	0
phylum	Main genome;Bacteria;Bacteria (superkingdom);Thermotogota superphylum;Thermotogota	Thermotogota	0	0	0	0	0	0	0	0	0	0	0	0	0	0	0	0	0	0	0	0	0	0	0	0	0	0	0	0	0	0	0	0	0	0	0	0	0	0	0	0	0	0	0	0	0	0	0	0	0	0	0	0	0	0	0	0	0	0	0	0	0	0	0	0	0	0	0	0	0	0	0	0	0	0	0	0	0	0	0	0	0	0	0	0	0	0	0	0	0	0	0	0	0	0	0	0	0	0	0	0	0	0	0	0	0	0	0	0	0	0	0	0	0	0	0	0	0	0	0	0	0	0	0	0	0	0	0	0	0	0	0	0	0	0	0	0	0	0	0	0	0	0	0	0	0	0	0	0	0
phylum	Main genome;Bacteria;Bacteria (superkingdom);Nitrospirae superphylum;Nitrospirota	Nitrospirota	0	0	0	0	0	0	0	0	0	0	0	0	0	0	0	0	0	0	0	0	0	0	0	0	0	0	0	0	0	0	0	0	0	0	0	0	0	0	0	0	0	0	0	0	0	0	0	0	0	0	0	0	0	0	0	0	0	0	0	0	0	0	0	0	0	0	0	0	0	0	0	0	0	0	0	0	0	0	0	0	0	0	0	0	0	0	0	0	0	0	0	0	0	0	0	0	0	0	0	0	0	0	0	0	0	0	0	0	0	0	0	0	0	0	0	0	0	0	0	0	0	0	0	0	0	0	0	0	0	0	0	0	0	0	0	0	0	0	0	0	0	0	0	0	0	0	0	0	0
phylum	Main genome;Bacteria;Bacteria (superkingdom);Nitrospirae superphylum;Methylomirabilota	Methylomirabilota	0	0	0	0	0	0	0	0	0	0	0	0	0	0	0	0	0	0	0	0	0	0	0	0	0	0	0	0	0	0	0	0	0	0	0	0	0	0	0	0	0	0	0	0	0	0	0	0	0	0	0	0	0	0	0	0	0	0	0	0	0	0	0	0	0	0	0	0	0	0	0	0	0	0	0	0	0	0	0	0	0	0	0	0	0	0	0	0	0	0	0	0	0	0	0	0	0	0	0	0	0	0	0	0	0	0	0	0	0	0	0	0	0	0	0	0	0	0	0	0	0	0	0	0	0	0	0	0	0	0	0	0	0	0	0	0	0	0	0	0	0	0	0	0	0	0	0	0	0
phylum	Main genome;Bacteria;Bacteria (superkingdom);Nitrospirae superphylum;Nitrospinota	Nitrospinota	0	0	0	0	0	0	0	0	0	0	0	0	0	0	0	0	0	0	0	0	0	0	0	0	0	0	0	0	0	0	0	0	0	0	0	0	0	0	0	0	0	0	0	0	0	0	0	0	0	0	0	0	0	0	0	0	0	0	0	0	0	0	0	0	0	0	0	0	0	0	0	0	0	0	0	0	0	0	0	0	0	0	0	0	0	0	0	0	0	0	0	0	0	0	0	0	0	0	0	0	0	0	0	0	0	0	0	0	0	0	0	0	0	0	0	0	0	0	0	0	0	0	0	0	0	0	0	0	0	0	0	0	0	0	0	0	0	0	0	0	0	0	0	0	0	0	0	0	0
phylum	Main genome;Bacteria;Bacteria (superkingdom);Nitrospinae Tectomicrobia group;Entotheonellaeota	Entotheonellaeota	0	0	0	0	0	0	0	0	0	0	0	0	0	0	0	0	0	0	0	0	0	0	0	0	0	0	0	0	0	0	0	0	0	0	0	0	0	0	0	0	0	0	0	0	0	0	0	0	0	0	0	0	0	0	0	0	0	0	0	0	0	0	0	0	0	0	0	0	0	0	0	0	0	0	0	0	0	0	0	0	0	0	0	0	0	0	0	0	0	0	0	0	0	0	0	0	0	0	0	0	0	0	0	0	0	0	0	0	0	0	0	0	0	0	0	0	0	0	0	0	0	0	0	0	0	0	0	0	0	0	0	0	0	0	0	0	0	0	0	0	0	0	0	0	0	0	0	0	0
phylum	Main genome;Bacteria;Bacteria (superkingdom);Hydrogenedentes superphylum;Hydrogenedentes	Hydrogenedentes	0	0	0	0	0	0	0	0	0	0	0	0	0	0	0	0	0	0	0	0	0	0	0	0	0	0	0	0	0	0	0	0	0	0	0	0	0	0	0	0	0	0	0	0	0	0	0	0	0	0	0	0	0	0	0	0	0	0	0	0	0	0	0	0	0	0	0	0	0	0	0	0	0	0	0	0	0	0	0	0	0	0	0	0	0	0	0	0	0	0	0	0	0	0	0	0	0	0	0	0	0	0	0	0	0	0	0	0	0	0	0	0	0	0	0	0	0	0	0	0	0	0	0	0	0	0	0	0	0	0	0	0	0	0	0	0	0	0	0	0	0	0	0	0	0	0	0	0	0
phylum	Main genome;Bacteria;Bacteria (superkingdom);Elusimicrobiota superphylum;Elusimicrobiota	Elusimicrobiota	0	0	0	0	0	0	0	0	0	0	0	0	0	0	0	0	0	0	0	0	0	0	0	0	0	0	0	0	0	0	0	0	0	0	0	0	0	0	0	0	0	0	0	0	0	0	0	0	0	0	0	0	0	0	0	0	0	0	0	0	0	0	0	0	0	0	0	0	0	0	0	0	0	0	0	0	0	0	0	0	0	0	0	0	0	0	0	0	0	0	0	0	0	0	0	0	0	0	0	0	0	0	0	0	0	0	0	0	0	0	0	0	0	0	0	0	0	0	0	0	0	0	0	0	0	0	0	0	0	0	0	0	0	0	0	0	0	0	0	0	0	0	0	0	0	0	0	0	0
phylum	Main genome;Bacteria;Bacteria (superkingdom);Sumerlaeota superphylum;Sumerlaeota	Sumerlaeota	0	0	0	0	0	0	0	0	0	0	0	0	0	0	0	0	0	0	0	0	0	0	0	0	0	0	0	0	0	0	0	0	0	0	0	0	0	0	0	0	0	0	0	0	0	0	0	0	0	0	0	0	0	0	0	0	0	0	0	0	0	0	0	0	0	0	0	0	0	0	0	0	0	0	0	0	0	0	0	0	0	0	0	0	0	0	0	0	0	0	0	0	0	0	0	0	0	0	0	0	0	0	0	0	0	0	0	0	0	0	0	0	0	0	0	0	0	0	0	0	0	0	0	0	0	0	0	0	0	0	0	0	0	0	0	0	0	0	0	0	0	0	0	0	0	0	0	0	0
phylum	Main genome;Bacteria;Bacteria (superkingdom);Dadabacteria superphylum;Dadabacteria	Dadabacteria	0	0	0	0	0	0	0	0	0	0	0	0	0	0	0	0	0	0	0	0	0	0	0	0	0	0	0	0	0	0	0	0	0	0	0	0	0	0	0	0	0	0	0	0	0	0	0	0	0	0	0	0	0	0	0	0	0	0	0	0	0	0	0	0	0	0	0	0	0	0	0	0	0	0	0	0	0	0	0	0	0	0	0	0	0	0	0	0	0	0	0	0	0	0	0	0	0	0	0	0	0	0	0	0	0	0	0	0	0	0	0	0	0	0	0	0	0	0	0	0	0	0	0	0	0	0	0	0	0	0	0	0	0	0	0	0	0	0	0	0	0	0	0	0	0	0	0	0	0
phylum	Main genome;Bacteria;Bacteria (superkingdom);Margulisbacteria superphylum;Margulisbacteria	Margulisbacteria	216	384	478	343	229	176	208	120	179	58	155	236	142	374	56	1	45	35	54	53	265	14	94	175	3	92	367	358	482	377	112	147	136	157	275	783	671	1154	209	381	168	447	525	298	77	30	31	0	0	0	0	0	0	0	0	0	0	5	0	0	0	0	0	0	385	2	0	81	131	9	93	59	333	129	162	158	434	220	112	110	119	87	160	307	227	273	452	229	258	220	311	196	362	541	344	510	253	532	518	171	126	501	155	241	92	720	357	99	30	494	283	76	6	654	946	921	925	564	278	606	25	423	253	333	247	279	378	183	295	753	274	330	610	436	557	509	923	646	930	762	1187	408	934	308	449	710	978	1930	460
phylum	Main genome;Bacteria;Bacteria (superkingdom);Schekmanbacteria superphylum;Schekmanbacteria	Schekmanbacteria	0	0	0	0	0	0	0	0	0	0	0	0	0	0	0	0	0	0	0	0	0	0	0	0	0	0	0	0	0	0	0	0	0	0	0	0	0	0	0	0	0	0	0	0	0	0	0	0	0	0	0	0	0	0	0	0	0	0	0	0	0	0	0	0	0	0	0	0	0	0	0	0	0	0	0	0	0	0	0	0	0	0	0	0	0	0	0	0	0	0	0	0	0	0	0	0	0	0	0	0	0	0	5	0	0	493	265	1	18	234	162	0	14	1	0	0	0	3	80	31	0	0	0	0	0	0	0	0	0	0	15	0	0	0	0	0	0	0	0	0	734	8	371	0	0	0	0	0	0
phylum	Main genome;Archaea;Archaea (superkingdom);Euryarchaea sensu lato superphylum;Halobacterota	Halobacterota	0	0	0	0	0	0	0	0	0	0	0	0	0	0	0	0	0	0	0	0	0	0	0	0	0	0	0	0	0	0	0	0	0	0	0	0	0	0	0	0	0	0	0	0	0	0	0	0	0	0	0	0	0	0	0	0	0	0	0	0	0	0	0	0	0	0	0	0	0	0	0	0	0	0	0	0	0	0	0	0	0	0	0	0	0	0	0	0	0	0	0	0	0	0	0	0	0	0	0	0	0	0	0	0	0	0	0	0	0	0	0	0	0	0	0	0	0	0	0	0	0	0	0	0	0	0	0	0	0	0	0	0	0	0	0	0	0	0	0	0	0	0	0	0	0	0	0	0	0
phylum	Main genome;Archaea;Archaea (superkingdom);Euryarchaea sensu lato superphylum;Thermoplasmatota	Thermoplasmatota	0	0	0	0	0	0	0	0	0	0	0	0	0	0	0	0	0	0	0	0	0	0	0	0	0	0	0	0	0	0	0	0	0	0	0	0	0	0	0	0	0	0	0	0	0	0	0	0	0	0	0	0	0	0	0	0	0	0	0	0	0	0	0	0	0	0	0	0	0	0	0	0	0	0	0	0	0	0	0	0	0	0	0	0	0	0	0	0	0	0	0	0	0	0	0	0	0	0	0	0	0	0	0	0	0	21	0	45	15	202	127	69	96	1705	2798	2667	4218	882	378	141	0	0	0	0	0	1544	376	518	266	352	268	0	0	0	0	0	0	0	0	0	19	172	361	281	0	0	0	0	0
phylum	Main genome;Archaea;Archaea (superkingdom);TACK;Thaumarchaeota	Thaumarchaeota	0	0	0	0	0	0	0	0	0	0	0	0	0	0	0	0	0	0	0	0	0	0	0	0	0	0	0	0	0	0	0	0	0	0	0	0	0	0	0	0	0	0	0	0	0	0	0	0	0	0	0	0	0	0	0	0	0	0	0	0	0	0	0	0	0	0	0	0	0	0	0	0	0	0	0	0	0	0	0	0	0	0	0	0	0	0	0	0	0	0	0	0	0	0	0	0	0	0	0	0	0	0	0	2	0	391	225	74	46	94	129	74	32	26	46	33	30	105	63	3	0	0	70	0	0	82	103	197	271	107	674	41	0	0	0	0	0	0	0	7	657	231	193	345	0	0	0	0	0
phylum	Main genome;Archaea;Archaea (superkingdom);TACK;Geothermarchaeota	Geothermarchaeota	0	0	0	0	0	0	0	0	0	0	0	0	0	0	0	0	0	0	0	0	0	0	0	0	0	0	0	0	0	0	0	0	0	0	0	0	0	0	0	0	0	0	0	0	0	0	0	0	0	0	0	0	0	0	0	0	0	0	0	0	0	0	0	0	0	0	0	0	0	0	0	0	0	0	0	0	0	0	0	0	0	0	0	0	0	0	0	0	0	0	0	0	0	0	0	0	0	0	0	0	0	0	0	0	0	25	11	9	2	0	0	13	1	0	0	0	4	5	5	0	0	0	0	0	0	0	0	0	0	0	110	0	0	0	0	0	0	0	0	0	17	33	0	68	0	0	0	0	0
phylum	Main genome;Archaea;Archaea (superkingdom);DPANN;Nanoarchaeota	Nanoarchaeota	0	0	0	0	0	0	0	0	0	0	0	0	0	0	0	0	0	0	0	0	0	0	0	0	0	0	64	0	0	0	0	0	0	0	0	0	0	0	0	0	0	0	0	0	0	0	0	0	0	0	0	0	0	0	0	0	0	0	0	0	0	0	0	0	0	0	0	0	0	0	0	0	0	0	0	0	0	0	0	0	0	0	0	35	0	0	0	0	0	1	0	4	0	0	0	0	0	0	0	0	0	0	0	1	13	24	1	165	118	100	136	490	600	261	363	225	364	265	49	0	0	0	1	1	1	3030	2517	5317	2803	2600	2568	363	0	280	0	0	0	0	0	0	37	676	194	1818	3	10	0	0	0
class	Main genome;Bacteria;Bacteria (superkingdom);Proteobacteria superphylum;Proteobacteria;Gammaproteobacteria	Gammaproteobacteria	0	17	115	47	56	25	60	11	0	1	0	0	0	0	258	545	104	42	0	73	328	111	0	2	4	2	0	10	87	36	60	0	3	51	1	0	0	0	0	0	0	1913	2007	1335	532	379	64	1088	18206	5888	9158	10312	9905	6863	2310	4314	4419	2331	3328	1643	3168	1498	45	875	769	698	4110	2	63	8	13	93	7	0	0	0	0	182	126	124	96	198	154	0	0	5	6	154	3	54	184	0	0	19	104	20	0	95	130	19	11	928	749	382	292	9764	7017	371	219	9005	9905	1278	115	7304	6085	7934	8135	7234	4884	2511	207	21	142	208	195	488	411	843	512	341	319	494	12	572	218	73	376	77	1851	1539	16194	1452	15668	5712	114	0	23	78	72
class	Main genome;Bacteria;Bacteria (superkingdom);Proteobacteria superphylum;Proteobacteria;Alphaproteobacteria	Alphaproteobacteria	583	937	1647	864	601	933	622	0	0	0	31	19	0	0	86	290	79	16	136	144	68	1	13	9	17	0	17	93	5	279	22	12	288	129	227	0	10	42	0	0	0	43	110	158	25	0	0	0	69	1	0	3	0	0	0	0	4	16	9	0	0	4	16	0	0	0	3	299	110	120	202	240	0	0	0	0	0	109	102	165	84	130	245	0	0	0	0	0	0	579	703	14	54	996	969	0	2	1687	1986	9	11	650	622	78	148	104	115	236	83	40	100	49	80	232	77	162	112	471	1272	440	744	754	267	214	536	572	314	185	163	809	1482	941	111	0	199	0	120	12	1031	231	185	995	103	289	1105	36	1486	0	1234
class	Main genome;Bacteria;Bacteria (superkingdom);Proteobacteria superphylum;Desulfobacterota;Desulfobulbia	Desulfobulbia	2	1	14	0	11	0	0	0	0	0	0	0	0	0	0	0	0	0	0	0	0	0	0	0	0	0	0	0	0	0	0	0	0	0	0	0	0	0	0	0	0	0	0	0	0	0	0	0	0	0	0	0	0	0	0	0	0	0	0	0	0	0	0	0	0	0	0	1	0	0	0	0	0	0	0	0	0	0	14	0	28	0	0	0	0	0	0	0	0	4	0	0	0	63	80	0	9	10	57	0	0	36	2	0	0	2	4	0	0	11	43	0	0	0	0	0	26	14	130	247	31	2	0	0	1	0	0	0	0	0	0	0	0	0	0	0	0	0	52	0	5	0	22	0	9	0	103	0	6
class	Main genome;Bacteria;Bacteria (superkingdom);Proteobacteria superphylum;Desulfobacterota;Desulfovibrionia	Desulfovibrionia	0	0	0	0	0	0	0	0	0	0	0	0	0	0	0	0	0	0	0	0	0	0	0	0	0	0	0	0	0	0	0	0	0	0	0	0	0	0	0	0	0	0	0	0	0	0	0	0	0	0	0	0	0	0	0	0	0	0	0	0	0	0	0	0	0	0	0	0	0	0	0	0	0	0	0	0	0	0	0	0	0	0	0	0	0	0	0	0	0	0	0	0	0	0	0	0	0	0	0	0	0	0	0	0	0	0	0	0	0	0	0	0	0	0	0	0	0	0	0	0	0	0	0	0	0	0	0	0	0	0	0	0	0	0	0	0	0	0	0	0	0	0	0	0	0	0	0	0	0
class	Main genome;Bacteria;Bacteria (superkingdom);Proteobacteria superphylum;Desulfobacterota;Syntrophobacteria	Syntrophobacteria	0	0	0	0	0	0	0	0	0	0	0	0	0	0	0	0	0	0	0	0	0	0	0	0	0	0	0	0	0	0	0	0	0	0	0	0	0	0	0	0	0	0	0	0	0	0	0	0	0	0	0	0	0	0	0	0	0	0	0	0	0	0	0	0	0	0	0	0	0	0	0	0	0	0	0	0	0	0	0	0	0	0	0	0	0	0	0	0	0	0	0	0	0	0	0	0	0	0	0	0	0	0	0	0	0	0	0	0	0	0	0	0	0	0	0	0	0	0	0	0	0	0	0	0	0	0	0	0	0	0	0	0	0	0	0	0	0	0	0	0	0	0	0	0	0	0	0	0	0
class	Main genome;Bacteria;Bacteria (superkingdom);Proteobacteria superphylum;Desulfobacterota;Desulfuromonadia	Desulfuromonadia	0	0	0	0	0	0	0	0	0	0	0	0	0	0	0	0	0	0	0	0	0	0	0	0	0	0	0	0	0	0	0	0	0	0	0	0	0	0	0	0	0	0	0	0	0	0	0	0	0	0	0	0	0	0	0	0	0	0	0	0	0	0	0	0	0	0	0	0	0	0	0	0	0	0	0	0	0	0	0	0	0	0	0	0	0	0	0	0	0	0	0	0	0	0	0	0	0	0	0	0	0	0	0	0	0	0	0	0	0	0	0	0	0	18	0	0	2	0	0	0	0	0	0	0	0	336	8	0	43	0	0	0	0	0	0	0	0	0	0	0	0	0	0	0	0	0	0	0	0
class	Main genome;Bacteria;Bacteria (superkingdom);Proteobacteria superphylum;Myxococcota;Myxococcia	Myxococcia	0	0	0	0	0	0	0	0	0	0	0	0	0	0	0	0	0	0	0	0	0	0	0	0	0	0	0	0	0	0	0	0	0	0	0	0	0	0	0	0	0	0	0	0	0	0	0	0	0	0	0	0	0	0	0	0	0	0	0	0	0	0	0	0	0	0	0	0	0	0	0	0	0	0	0	0	0	0	0	0	0	0	0	0	0	0	0	0	0	0	0	0	0	0	0	0	0	0	0	0	0	0	0	0	0	0	0	0	0	0	0	0	0	52	53	12	171	0	0	0	0	0	0	0	0	0	0	0	0	0	0	0	0	0	0	0	0	0	0	0	0	0	0	0	0	0	0	0	0
class	Main genome;Bacteria;Bacteria (superkingdom);Proteobacteria superphylum;Myxococcota;Polyangia	Polyangia	0	0	0	10	0	19	0	20	0	0	27	0	0	0	0	0	0	0	0	0	0	0	0	0	0	0	0	0	0	0	0	0	0	0	0	0	0	0	0	0	0	10	31	27	3	33	13	0	0	0	0	0	0	0	0	0	0	0	0	0	0	0	10	0	0	0	0	61	0	0	4	0	0	0	0	0	7	0	0	0	0	0	0	0	0	0	0	0	0	0	0	0	0	1	54	0	0	0	0	0	0	0	0	0	0	0	0	0	0	0	0	0	0	0	0	0	0	0	0	0	0	0	0	0	0	0	0	0	0	0	0	0	0	0	0	0	0	0	0	0	0	0	0	0	0	0	0	0	0
class	Main genome;Bacteria;Bacteria (superkingdom);Proteobacteria superphylum;Myxococcota;bacteriap25	bacteriap25	0	0	0	0	0	0	0	0	0	0	0	0	0	0	0	0	0	0	0	0	0	0	0	0	0	0	0	0	0	0	0	0	0	0	0	0	0	0	0	0	0	0	0	0	0	0	0	0	0	0	0	0	0	0	0	0	0	0	0	0	0	0	0	0	0	0	0	0	0	0	0	0	0	0	0	0	0	0	0	0	0	0	0	0	0	0	0	0	0	0	0	0	0	0	0	0	0	0	0	0	0	67	35	31	12	392	152	1	0	199	296	16	0	546	246	672	613	171	431	86	0	67	0	0	0	242	148	24	183	8	396	0	0	0	0	0	0	0	133	107	631	1	346	78	0	0	0	0	0
class	Main genome;Bacteria;Bacteria (superkingdom);Proteobacteria superphylum;Bdellovibrionota;Bdellovibrionia	Bdellovibrionia	0	0	0	0	0	0	0	0	0	0	0	0	0	0	0	0	0	0	0	0	0	0	0	0	0	0	0	0	0	0	0	0	0	0	0	0	0	0	0	0	0	0	0	0	0	0	0	0	0	0	0	0	0	0	0	0	0	0	0	0	0	0	0	0	0	0	0	0	0	0	0	0	0	0	0	0	0	0	0	0	0	0	0	0	0	0	0	0	0	0	0	0	0	0	0	0	0	0	0	0	0	0	0	0	0	0	0	0	0	0	0	0	0	0	0	0	0	0	0	0	0	0	0	0	0	0	0	0	0	0	0	0	0	0	0	0	0	0	0	0	0	0	0	0	0	0	0	0	0
class	Main genome;Bacteria;Bacteria (superkingdom);Proteobacteria superphylum;Bdellovibrionota;Oligoflexia	Oligoflexia	0	0	0	0	0	0	0	0	0	0	0	0	0	0	0	70	18	0	0	0	0	0	0	0	0	0	45	0	0	0	0	0	0	0	0	0	0	0	0	0	0	0	0	0	0	0	0	0	0	0	0	0	0	0	0	0	0	0	0	0	0	0	0	0	0	0	0	0	0	0	0	0	0	0	0	0	0	0	0	0	0	0	0	0	0	0	0	0	0	0	0	0	0	0	0	0	0	0	0	0	0	0	0	0	0	0	0	0	0	0	0	0	0	0	0	0	0	0	0	0	0	0	0	0	0	0	0	0	0	0	0	0	0	0	0	0	0	0	0	0	0	0	0	0	0	0	0	0	0
class	Main genome;Bacteria;Bacteria (superkingdom);Terrabacteria;Firmicutes;Bacilli	Bacilli	0	14	32	49	3	5	55	1	1	0	0	0	101	0	266	3	67	249	134	151	45	211	1	9	9	4	24	33	90	60	56	84	122	15	22	1	13	1	0	1	0	0	1	0	0	0	0	1	16	0	25	924	166	0	0	3	32	55	68	30	31	113	14	3	414	115	8	26	34	8	0	5	30	3	3	2	124	0	0	2	0	0	4	6	4	8	0	13	1	0	14	0	78	1	3	14	0	24	28	0	0	107	6	46	0	133	52	42	27	33	69	13	7	24	33	8	61	476	15	69	20	70	8	11	97	480	616	235	887	140	261	23	175	12	181	0	76	0	215	160	218	77	46	28	0	0	0	61	30
class	Main genome;Bacteria;Bacteria (superkingdom);Terrabacteria;Firmicutes;Clostridia	Clostridia	0	0	0	0	0	0	0	0	0	0	0	0	0	0	0	0	0	0	0	0	0	0	0	0	0	0	0	0	0	0	0	0	0	0	0	0	0	0	0	0	0	0	0	0	0	0	0	0	0	0	0	0	0	0	0	0	0	0	0	0	0	0	0	0	0	0	0	0	0	0	0	0	0	0	0	0	0	0	0	0	0	0	0	0	0	0	0	0	0	0	0	0	0	0	0	0	0	0	0	0	0	0	0	0	0	0	0	0	0	0	0	0	0	0	0	0	0	0	0	0	0	0	0	0	0	0	0	0	0	0	0	0	0	0	0	0	0	0	0	0	0	0	0	0	0	0	0	0	0
class	Main genome;Bacteria;Bacteria (superkingdom);Terrabacteria;Firmicutes;Negativicutes	Negativicutes	0	0	0	0	0	0	0	0	0	0	0	0	0	0	0	0	0	0	0	0	0	0	0	0	0	0	0	0	0	0	0	0	0	0	0	0	0	0	0	0	0	0	0	0	0	0	0	0	0	0	0	0	0	0	0	0	0	0	0	0	0	0	0	0	0	0	0	0	0	0	0	0	0	0	0	0	0	0	0	0	0	0	0	0	0	0	0	0	0	0	0	0	0	0	0	0	0	0	0	0	0	0	0	0	0	0	0	0	0	0	0	0	0	0	0	0	0	0	0	0	0	0	0	0	0	0	0	0	0	0	0	0	0	0	0	0	0	0	0	0	0	0	0	0	0	0	0	0	0
class	Main genome;Bacteria;Bacteria (superkingdom);Terrabacteria;Cyanobacteria;Cyanobacteriia	Cyanobacteriia	0	0	0	0	0	0	0	0	0	0	0	0	0	0	0	0	0	0	0	0	0	0	0	0	0	0	0	0	0	0	0	0	0	0	0	0	0	0	0	0	0	0	0	0	0	0	0	0	0	0	0	0	0	0	0	0	0	0	0	0	0	0	0	0	0	0	0	0	0	0	0	0	0	0	0	0	0	0	0	0	0	0	0	0	0	0	0	0	0	0	0	0	0	0	0	0	0	0	0	0	0	0	0	0	0	0	0	0	0	0	0	0	0	0	0	0	0	0	0	0	0	0	0	0	0	0	0	0	0	0	0	0	0	0	0	0	0	0	0	0	0	0	0	0	0	0	0	0	0
class	Main genome;Bacteria;Bacteria (superkingdom);Terrabacteria;Cyanobacteria;Vampirivibrionia	Vampirivibrionia	0	0	0	0	0	0	0	0	0	0	0	0	0	0	0	0	0	0	0	0	0	0	0	0	0	0	0	0	0	0	0	0	0	0	0	0	0	0	0	0	0	0	0	0	0	0	0	0	0	0	0	0	0	0	0	0	0	0	0	0	0	0	0	0	0	0	0	0	0	0	0	0	0	0	0	0	0	0	0	0	0	0	0	0	0	0	0	0	0	0	0	0	0	0	0	0	0	0	0	0	0	0	0	0	0	0	0	0	0	0	0	0	0	0	0	0	0	0	0	0	0	0	0	0	0	0	0	0	0	0	0	0	0	0	0	0	0	0	0	0	0	0	0	0	0	0	0	0	0
class	Main genome;Bacteria;Bacteria (superkingdom);Terrabacteria;Cyanobacteria;Sericytochromatia	Sericytochromatia	0	0	0	0	0	0	0	0	0	0	0	0	0	0	0	0	0	0	0	0	1	0	0	0	0	0	0	0	1	8	0	0	108	0	29	0	0	0	0	0	0	0	0	0	0	0	0	0	0	0	0	0	0	0	0	0	0	0	0	0	0	0	0	0	0	0	0	0	0	0	0	0	0	0	0	0	0	0	0	0	0	0	0	0	0	0	0	0	0	0	0	0	0	0	0	0	0	0	0	0	0	0	0	0	0	0	0	0	0	0	0	0	0	15	0	190	0	0	0	0	0	0	0	0	0	0	0	153	0	0	0	0	0	0	0	0	0	0	0	0	0	0	0	0	0	0	0	0	0
class	Main genome;Bacteria;Bacteria (superkingdom);Terrabacteria;Actinobacteriota;Actinobacteria	Actinobacteria	0	0	0	0	0	0	0	0	0	2	0	0	0	0	0	0	0	0	7	0	0	0	0	0	0	0	0	0	0	0	0	0	0	0	0	0	0	0	0	0	0	0	0	0	0	0	0	0	0	0	0	3	0	0	0	2	0	0	0	0	0	0	0	8	0	32	0	0	0	0	0	0	0	0	0	0	0	0	0	0	0	0	0	0	0	0	0	0	0	0	0	0	0	0	0	0	0	0	0	0	0	0	0	0	0	0	0	0	0	0	1	0	0	0	0	0	0	6	0	0	0	0	0	0	0	0	15	0	0	0	0	0	0	0	0	0	0	0	0	0	0	0	0	0	17	0	0	0	0
class	Main genome;Bacteria;Bacteria (superkingdom);Terrabacteria;Actinobacteriota;Coriobacteriia	Coriobacteriia	0	0	0	0	0	0	0	0	0	0	0	0	0	0	0	0	0	0	0	0	0	0	0	0	0	0	0	0	0	0	0	0	0	0	0	0	0	0	0	0	0	0	0	0	0	0	0	0	0	0	0	0	0	0	0	0	0	0	0	0	0	0	0	0	0	0	0	0	0	0	0	0	0	0	0	0	0	0	0	0	0	0	0	0	0	0	0	0	0	0	0	0	0	0	0	0	0	0	0	0	0	0	0	0	0	0	0	0	0	0	0	0	0	0	0	0	0	0	0	0	0	0	0	0	0	0	0	0	0	0	0	0	0	0	0	0	0	0	0	0	0	0	0	0	0	0	0	0	0
class	Main genome;Bacteria;Bacteria (superkingdom);Terrabacteria;Actinobacteriota;Acidimicrobiia	Acidimicrobiia	0	0	0	0	0	0	0	0	0	0	0	0	0	0	0	0	0	0	0	0	0	0	0	0	0	0	0	0	0	0	0	0	0	0	0	0	0	0	0	0	0	0	0	0	0	0	0	0	0	0	0	0	0	0	0	0	0	0	0	0	0	0	0	0	0	0	0	0	0	0	0	0	0	0	0	0	0	0	0	0	0	0	0	0	0	0	0	0	0	0	0	0	0	0	0	0	0	0	0	0	0	0	0	0	0	0	0	0	0	0	0	0	0	0	0	0	0	0	0	0	0	0	0	0	0	0	0	0	0	0	0	0	0	0	0	0	0	0	0	0	0	0	0	0	0	0	0	0	0
class	Main genome;Bacteria;Bacteria (superkingdom);Terrabacteria;Actinobacteriota;Thermoleophilia	Thermoleophilia	0	0	0	0	0	0	0	0	0	0	0	0	0	0	0	0	0	0	0	0	0	0	0	0	0	0	0	0	0	0	0	0	0	0	0	0	0	0	0	0	0	0	0	0	0	0	0	0	0	0	0	0	0	0	0	0	0	0	0	0	0	0	0	0	0	0	0	0	0	0	0	0	0	0	0	0	0	0	0	0	0	0	0	0	0	0	0	0	0	0	0	0	0	0	0	0	0	0	0	0	0	0	0	0	0	0	0	0	0	0	0	0	0	0	0	0	0	0	0	0	0	0	0	0	0	0	0	0	0	0	0	0	0	0	0	0	0	0	0	0	0	0	0	0	0	0	0	0	0
class	Main genome;Bacteria;Bacteria (superkingdom);Terrabacteria;Chloroflexi;Dehalococcoidia	Dehalococcoidia	0	0	0	0	0	0	0	0	0	0	0	0	0	0	0	0	0	0	0	0	0	0	0	0	0	0	0	0	0	0	0	0	0	0	0	0	0	0	0	0	0	0	0	0	0	0	0	0	0	0	0	0	0	0	0	0	0	0	0	0	0	0	0	0	0	0	0	0	0	0	0	0	0	0	0	0	0	0	0	0	0	0	0	0	0	0	0	0	0	0	0	0	0	0	0	0	0	0	0	0	0	515	82	93	60	275	37	227	149	21	50	55	74	2	133	128	120	25	171	656	0	0	0	0	0	255	94	110	94	123	491	512	0	0	0	0	0	0	966	378	456	826	31	249	0	0	0	0	0
class	Main genome;Bacteria;Bacteria (superkingdom);Terrabacteria;Chloroflexi;Anaerolineae	Anaerolineae	0	0	0	0	0	0	0	0	0	0	0	0	0	0	0	0	0	0	0	0	0	0	0	0	0	0	0	0	0	0	0	0	60	0	0	0	0	0	0	0	0	0	0	0	0	0	0	0	0	0	0	0	0	0	0	0	0	0	0	0	0	0	0	0	0	0	0	0	0	0	0	0	0	0	0	0	0	0	0	0	0	0	0	0	0	0	0	0	0	0	0	0	0	0	0	0	0	0	0	0	0	0	0	0	0	0	0	0	0	0	0	0	0	0	0	0	0	0	0	0	0	0	0	0	0	0	0	0	0	0	0	0	0	0	0	0	0	0	0	0	0	0	0	0	0	0	0	0	0
class	Main genome;Bacteria;Bacteria (superkingdom);Terrabacteria;Chloroflexi;TK10	TK10	0	0	0	0	0	0	0	0	0	0	0	0	0	0	0	0	0	0	0	0	0	0	0	0	0	0	0	0	0	0	0	0	0	0	0	0	0	0	0	0	0	0	0	0	0	0	0	0	0	0	0	0	0	0	0	0	0	0	0	0	0	0	0	0	0	0	0	0	0	0	0	0	0	0	0	0	0	0	0	0	0	0	0	0	0	0	0	0	0	0	0	0	0	0	0	0	0	0	0	0	0	95	68	11	19	68	42	6	1	16	2	63	0	0	2	2	55	37	69	928	0	0	0	0	0	0	0	0	0	2	0	9	0	0	0	0	0	0	149	57	159	16	31	261	0	0	0	0	0
class	Main genome;Bacteria;Bacteria (superkingdom);Terrabacteria;Chloroflexi;JG30-KF-CM66	JG30-KF-CM66	0	0	0	0	0	0	0	0	0	0	0	0	0	0	0	0	0	0	0	0	0	0	0	0	0	0	0	0	0	0	0	0	0	0	0	0	0	0	0	0	0	0	0	0	0	0	0	0	0	0	0	0	0	0	0	0	0	0	0	0	0	0	0	0	0	0	0	0	0	0	0	0	0	0	0	0	0	0	0	6	0	11	0	6	0	0	0	11	0	0	0	0	0	14	0	22	5	153	170	91	100	867	566	408	234	20	26	4	26	0	0	0	0	0	0	0	0	0	0	558	142	3	0	0	0	0	0	0	0	0	0	247	9	0	0	4	2	299	1642	1287	28	9	0	0	0	0	21	132	122
class	Main genome;Bacteria;Bacteria (superkingdom);Terrabacteria;Chloroflexi;KD4-96	KD4-96	0	0	0	0	0	0	0	0	0	0	0	0	0	0	0	0	0	0	0	0	0	0	0	0	0	0	0	0	0	0	0	0	0	0	0	0	0	0	0	0	0	0	0	0	0	0	0	0	0	0	0	0	0	0	0	0	0	0	0	0	0	0	0	0	0	0	0	0	0	0	0	0	0	0	0	0	0	0	0	0	0	0	0	0	0	0	0	0	0	0	0	0	0	0	0	0	0	0	0	0	0	0	0	0	0	0	0	0	0	0	0	0	0	0	0	0	0	0	0	108	0	0	0	0	0	0	0	0	0	0	0	0	0	0	0	0	0	0	0	0	0	0	0	0	0	0	0	0	0
class	Main genome;Bacteria;Bacteria (superkingdom);Terrabacteria;Chloroflexi;N9D0	N9D0	0	0	0	0	0	0	0	0	0	0	0	0	0	0	0	0	0	0	0	0	0	0	0	0	0	0	0	0	0	0	0	0	0	0	0	0	0	0	0	0	0	0	0	0	0	0	0	0	0	0	0	0	0	0	0	0	0	0	0	0	0	0	0	0	0	0	0	0	0	0	0	0	0	0	0	0	0	0	0	0	0	0	0	0	0	0	0	0	0	0	0	0	0	0	0	0	0	0	1	0	0	119	98	41	20	143	82	34	2	45	68	7	0	15	37	24	23	30	31	9	0	0	0	0	0	0	19	6	6	3	0	0	0	0	0	0	0	0	234	136	221	114	104	34	0	0	0	0	0
class	Main genome;Bacteria;Bacteria (superkingdom);Terrabacteria;Deinococcota;Deinococci	Deinococci	0	0	0	0	0	0	0	0	0	0	0	0	0	0	0	0	0	0	0	0	0	0	0	0	0	0	0	0	0	0	0	0	0	0	0	0	0	0	0	0	0	0	0	0	0	0	0	0	0	0	0	0	0	0	0	0	0	0	0	0	0	0	0	0	0	0	0	0	0	0	0	0	0	0	0	0	0	0	0	0	0	0	0	0	0	0	0	0	0	0	0	0	0	0	0	0	0	0	0	0	0	0	0	0	0	0	0	0	0	0	0	0	0	0	0	0	0	0	0	0	0	0	0	0	0	0	0	0	0	0	0	0	0	0	0	0	0	0	0	0	0	0	0	0	0	0	0	0	0
class	Main genome;Bacteria;Bacteria (superkingdom);Terrabacteria;Saccharimonadia;Saccharimonadales class incertae sedis	Saccharimonadales class incertae sedis	0	0	0	0	0	0	0	0	0	0	0	0	0	0	0	0	0	0	0	0	61	0	0	0	0	0	0	0	0	0	0	0	0	0	0	0	0	0	0	0	0	0	0	0	0	0	0	0	0	0	0	0	0	0	0	0	0	0	0	0	0	0	0	0	0	0	0	0	0	0	0	0	0	0	0	0	0	0	0	0	0	0	0	0	0	0	0	0	0	0	0	0	0	0	0	0	0	0	0	0	0	0	0	0	0	0	0	0	0	0	0	0	0	0	0	0	0	0	0	0	0	0	0	0	0	0	0	0	0	0	0	0	0	0	0	0	0	0	0	0	0	0	0	0	0	0	0	0	0
class	Main genome;Bacteria;Bacteria (superkingdom);FCB group;Bacteroidota;Bacteroidia	Bacteroidia	117	137	141	17	93	27	56	3	3	0	0	0	0	0	49	1	54	8	69	48	174	10	0	0	0	0	0	0	0	0	0	0	0	0	2	0	93	0	0	0	0	2	25	7	2	0	0	18	1	0	0	0	0	0	0	0	0	0	178	0	0	0	108	0	32	0	0	190	59	20	1	13	0	0	0	15	20	119	29	14	3	61	2	0	0	0	0	0	0	46	19	0	0	11	3	0	0	1	0	0	0	2	149	0	0	0	0	0	0	0	0	0	0	0	11	0	0	0	36	0	9	23	12	167	37	136	0	0	0	0	0	0	0	0	5	0	4	0	1	0	3	0	0	0	64	0	17	0	2
class	Main genome;Bacteria;Bacteria (superkingdom);FCB group;Bacteroidota;Rhodothermia	Rhodothermia	0	0	0	0	0	0	0	0	0	0	0	0	0	0	0	0	0	0	0	0	0	0	0	0	0	0	0	0	0	0	0	0	0	0	0	0	0	0	0	0	0	0	0	0	0	0	0	0	0	0	0	0	0	0	0	0	0	0	0	0	0	0	0	0	0	0	0	0	0	0	0	0	0	0	0	0	0	0	0	0	0	0	0	0	0	0	0	0	0	0	0	0	0	0	0	0	0	0	0	0	0	0	0	0	0	0	0	0	0	0	0	0	0	0	0	0	0	0	0	0	0	0	0	0	0	0	0	0	0	0	0	0	0	0	0	0	0	0	0	0	0	0	0	0	0	0	0	0	0
class	Main genome;Bacteria;Bacteria (superkingdom);FCB group;Bacteroidota;Kapabacteria class incertae sedis	Kapabacteria class incertae sedis	0	0	0	0	0	0	0	0	0	0	0	0	0	0	0	0	0	0	0	0	0	0	0	0	0	0	0	0	0	0	0	0	0	0	0	0	0	0	0	0	0	0	0	0	0	0	0	0	0	0	0	0	0	0	0	0	0	0	0	0	0	0	0	0	0	0	0	0	0	0	0	0	0	0	0	0	0	0	0	0	0	0	0	0	0	0	0	0	0	0	0	0	0	0	0	0	0	0	0	0	0	0	0	0	0	0	0	0	0	0	0	0	0	0	0	0	0	0	0	0	0	0	0	0	0	0	0	0	0	0	0	0	0	0	0	0	0	0	0	0	0	0	0	0	0	0	0	0	0
class	Main genome;Bacteria;Bacteria (superkingdom);FCB group;Gemmatimonadota;BD2-11 terrestrial group	BD2-11 terrestrial group	0	0	0	0	0	0	0	0	0	0	0	0	0	0	268	0	0	0	44	0	67	0	0	0	0	0	0	0	0	0	0	0	0	0	0	0	0	0	0	0	0	0	0	0	0	0	0	0	0	0	0	0	0	0	0	0	0	0	0	0	0	0	20	0	0	0	0	0	0	0	0	0	0	0	0	0	0	0	0	0	1	2	0	0	0	0	0	0	0	0	0	0	0	5	4	0	1	858	1194	40	337	3471	1147	838	455	1848	1026	44	15	1058	1010	426	38	1873	2740	1991	1985	3410	4201	5944	355	3	1	27	6	98	0	86	193	32	0	0	0	154	0	0	0	142	6131	2739	3340	166	1921	1583	0	0	8	0	830
class	Main genome;Bacteria;Bacteria (superkingdom);FCB group;Gemmatimonadota;Gemmatimonadetes	Gemmatimonadetes	0	0	0	0	0	0	0	0	0	0	0	0	0	0	0	0	0	0	0	0	0	0	0	0	0	0	0	0	0	0	0	0	0	0	0	0	0	0	0	0	0	0	0	0	0	0	0	0	0	0	0	0	0	0	0	0	0	0	0	0	0	0	0	0	0	0	0	0	0	0	0	0	0	0	0	0	0	0	0	0	0	0	0	0	0	0	0	0	0	0	0	0	0	0	0	0	0	0	0	0	0	0	0	0	0	0	0	0	0	0	0	0	0	0	0	0	0	0	0	0	0	0	0	0	0	0	0	0	0	0	0	0	0	0	0	0	0	0	0	0	0	0	0	0	0	0	0	0	0
class	Main genome;Bacteria;Bacteria (superkingdom);FCB group;Fibrobacterota;Fibrobacteria	Fibrobacteria	0	0	0	0	0	0	0	0	0	0	0	0	0	0	0	0	0	0	0	0	0	0	0	0	0	0	0	0	0	0	0	0	0	0	0	0	0	0	0	0	0	0	0	0	0	0	0	0	0	0	0	0	0	0	0	0	0	0	0	0	0	0	0	0	0	0	0	0	0	0	0	0	0	0	0	0	0	0	0	0	0	0	0	0	0	0	0	0	0	0	0	0	0	0	0	0	0	0	0	0	0	0	0	0	0	0	0	0	0	0	0	0	0	0	0	0	0	0	0	0	0	0	0	0	0	0	0	0	0	0	0	0	0	0	0	0	0	0	0	0	0	0	0	0	0	0	0	0	0
class	Main genome;Bacteria;Bacteria (superkingdom);Acidobacteria superphylum;Acidobacteriota;Acidobacteriae	Acidobacteriae	0	0	0	0	0	0	0	0	0	0	0	0	0	0	0	0	0	0	0	0	0	0	0	0	0	0	0	0	0	0	0	0	0	0	0	0	0	0	0	0	0	0	0	0	0	0	0	0	0	0	0	0	0	0	0	0	0	0	0	0	0	0	0	0	0	0	0	0	0	0	0	0	0	0	0	0	0	0	0	0	0	0	0	0	0	0	0	0	0	0	0	0	0	0	0	0	0	0	0	0	0	0	0	0	0	0	0	0	0	0	0	0	0	0	0	0	0	0	0	0	0	0	0	0	0	0	0	0	0	0	0	0	0	0	0	0	0	0	0	0	0	0	0	0	0	0	0	0	0
class	Main genome;Bacteria;Bacteria (superkingdom);Acidobacteria superphylum;Acidobacteriota;Holophagae	Holophagae	0	0	0	0	0	0	0	0	0	0	0	0	0	0	0	0	0	0	0	0	0	0	0	0	0	0	0	0	0	0	0	0	0	0	0	0	0	0	0	0	0	0	0	0	0	0	0	0	0	0	0	0	0	0	0	0	0	0	0	0	0	0	0	0	0	0	0	0	0	0	0	0	0	0	0	0	0	0	0	0	0	0	0	0	0	0	0	0	0	0	0	0	0	0	0	0	0	0	0	0	0	0	0	0	0	0	0	0	0	0	0	0	0	0	0	0	0	0	0	0	0	0	0	0	0	0	0	0	0	0	0	0	0	0	0	0	0	0	0	0	0	0	0	0	0	0	0	0	0
class	Main genome;Bacteria;Bacteria (superkingdom);Acidobacteria superphylum;Acidobacteriota;Thermoanaerobaculia	Thermoanaerobaculia	0	0	0	0	0	0	0	0	0	0	0	0	0	0	0	0	0	0	0	0	0	0	0	0	0	0	0	0	0	0	0	0	0	0	0	0	0	0	0	0	0	0	0	0	0	0	0	0	0	0	0	0	0	0	0	0	0	0	0	0	0	0	0	0	0	0	0	0	0	0	0	0	0	0	0	0	0	0	0	0	0	0	0	0	0	0	0	0	0	0	0	0	0	0	0	0	0	0	0	0	0	0	0	0	0	0	0	0	0	0	0	0	0	0	0	0	0	0	0	0	0	0	0	0	0	0	0	0	0	0	0	0	0	0	0	0	0	0	0	0	0	0	0	0	0	0	0	0	0
class	Main genome;Bacteria;Bacteria (superkingdom);Acidobacteria superphylum;Acidobacteriota;Vicinamibacteria	Vicinamibacteria	0	0	0	0	0	0	0	0	0	0	0	0	0	0	0	0	0	0	0	0	0	0	0	0	0	0	0	0	0	0	0	0	0	0	0	0	0	0	0	0	0	0	0	0	0	0	0	0	0	0	0	0	0	0	0	0	0	0	0	0	0	0	0	0	0	0	0	0	0	0	0	0	0	0	0	0	0	0	0	0	0	0	0	0	0	0	0	0	0	0	0	0	0	0	0	0	0	0	0	0	0	0	0	0	0	0	0	0	0	0	0	0	0	0	0	0	0	0	0	0	0	0	0	0	0	0	0	0	0	0	0	0	0	0	0	0	0	0	0	0	0	0	0	0	0	0	0	0	0
class	Main genome;Bacteria;Bacteria (superkingdom);Acidobacteria superphylum;Acidobacteriota;Acidobacteria group 21	Acidobacteria group 21	0	0	0	0	0	0	0	0	0	0	0	0	0	0	0	0	0	0	0	0	0	0	0	0	0	0	0	0	0	0	0	0	0	0	0	0	0	0	0	0	0	0	0	0	0	0	0	0	0	0	0	0	0	0	0	0	0	0	0	0	0	0	0	0	0	0	0	0	0	0	0	0	0	0	0	0	0	0	0	0	0	0	0	0	0	0	0	0	0	0	0	0	0	0	0	0	0	0	0	0	0	0	0	0	0	47	59	21	1	46	17	50	0	57	256	205	255	128	31	46	0	0	0	110	0	1	0	10	2	36	0	0	0	0	0	0	0	0	0	0	106	116	90	210	0	0	0	0	0
class	Main genome;Bacteria;Bacteria (superkingdom);Acidobacteria superphylum;Acidobacteriota;Acidobateria group 26	Acidobateria group 26	0	0	0	0	0	0	0	0	0	0	0	0	0	0	0	0	0	0	0	0	0	0	0	0	0	0	0	0	0	0	0	0	0	0	0	0	0	0	0	0	0	0	0	0	0	0	0	0	0	0	0	0	0	0	0	0	0	0	0	0	0	0	0	0	0	0	0	0	0	0	0	0	0	0	0	0	0	0	0	0	0	0	0	0	0	0	0	0	0	0	0	0	0	0	0	0	0	0	0	0	0	14	5	5	2	630	603	1	2	670	624	142	1	784	1082	781	1157	5218	1400	595	0	0	0	0	0	40	0	0	0	80	0	0	0	0	0	324	0	0	24	25	1053	1	1265	463	0	0	0	0	0
class	Main genome;Bacteria;Bacteria (superkingdom);Acidobacteria superphylum;Acidobacteriota;Acidobacteria group 11	Acidobacteria group 11	0	0	0	0	0	0	0	0	0	0	0	0	0	0	0	0	0	0	0	0	0	0	0	0	0	0	0	0	0	0	0	0	0	0	0	0	0	0	0	0	0	0	0	0	0	0	0	0	0	0	0	0	0	0	0	0	0	0	0	0	0	0	0	0	0	0	0	0	0	0	0	0	0	0	0	0	0	0	0	0	0	0	0	0	0	0	0	0	0	0	0	0	0	0	0	0	0	0	0	0	0	0	0	0	0	53	33	0	0	23	7	0	0	0	20	0	0	30	221	0	0	0	0	0	0	0	0	0	0	0	0	0	0	0	0	0	0	0	0	0	124	0	38	0	0	0	0	0	0
class	Main genome;Bacteria;Bacteria (superkingdom);PVC group (Planctobacteria);Verrucomicrobiota;Chlamydiae	Chlamydiae	0	0	0	0	0	0	0	0	0	0	0	0	0	0	0	0	0	0	0	0	0	0	0	0	0	0	0	0	0	0	0	0	0	0	0	0	0	0	0	0	0	0	0	0	0	0	0	0	0	0	0	0	0	0	0	0	0	0	0	0	0	0	0	0	0	0	0	0	0	0	0	0	0	0	0	0	0	0	0	0	0	0	0	0	0	0	0	0	0	0	0	0	0	0	0	0	0	0	0	0	0	11	2	0	0	37	32	0	0	57	12	5	3	43	159	29	104	15	0	0	0	0	0	0	0	14	0	46	1	0	0	0	0	0	0	0	0	0	21	0	46	0	120	22	0	0	0	0	0
class	Main genome;Bacteria;Bacteria (superkingdom);PVC group (Planctobacteria);Verrucomicrobiota;Verrucomicrobiae	Verrucomicrobiae	0	0	0	0	0	0	0	0	0	0	0	0	0	0	0	0	0	0	0	0	0	0	0	0	0	0	0	0	0	0	0	0	0	0	0	0	0	0	0	0	0	0	0	0	0	0	0	0	0	0	0	0	0	0	0	0	0	0	0	0	0	0	0	0	0	0	0	0	0	0	0	0	0	0	0	0	0	0	0	0	0	0	0	0	0	0	0	0	0	0	0	0	0	0	0	0	0	0	0	0	0	0	0	0	0	0	0	0	0	0	0	0	0	0	0	0	0	0	0	0	0	0	0	0	0	0	0	0	0	0	0	0	0	0	0	0	0	0	0	0	0	0	0	0	0	0	0	0	0
class	Main genome;Bacteria;Bacteria (superkingdom);PVC group (Planctobacteria);Verrucomicrobiota;Lentisphaeria	Lentisphaeria	0	5	0	0	0	0	0	0	0	0	0	0	0	0	0	0	0	0	0	0	0	0	0	0	0	0	0	0	0	0	0	0	0	0	0	0	0	0	0	0	0	0	0	0	0	0	0	0	0	0	0	0	0	0	0	0	0	0	0	0	0	0	0	0	0	0	0	0	0	0	0	1	0	0	0	0	0	0	0	0	0	0	0	0	0	0	0	0	0	0	0	0	0	0	51	0	0	0	0	0	0	0	0	0	0	0	0	0	0	0	0	0	8	0	0	0	0	0	0	0	0	0	0	0	0	0	0	0	0	0	0	0	0	0	0	0	0	0	0	0	0	9	0	0	0	0	0	0	0
class	Main genome;Bacteria;Bacteria (superkingdom);PVC group (Planctobacteria);Verrucomicrobiota;Omnitrophia	Omnitrophia	0	0	0	0	0	0	0	0	0	0	0	0	0	0	0	0	0	0	0	0	0	0	0	0	0	0	0	0	0	0	0	0	0	0	0	0	0	0	0	0	0	0	0	0	0	0	0	0	0	0	0	0	0	0	0	0	0	0	0	0	0	0	0	0	0	0	0	0	0	0	0	0	0	0	0	0	0	0	0	0	0	0	0	0	0	0	0	0	0	0	0	0	0	0	0	0	0	0	0	0	0	0	0	0	0	0	0	0	0	0	0	0	0	0	0	0	0	0	0	0	0	0	0	0	0	0	0	0	0	0	0	0	0	0	0	0	0	0	0	0	0	0	0	0	0	0	0	0	0
class	Main genome;Bacteria;Bacteria (superkingdom);PVC group (Planctobacteria);Verrucomicrobiota;Kiritimatiellae	Kiritimatiellae	0	0	0	0	0	0	0	0	0	0	0	0	0	0	0	0	0	0	0	0	0	0	0	0	0	0	0	0	0	0	0	0	0	0	0	0	0	0	0	0	0	0	0	0	0	0	0	0	0	0	0	0	0	0	0	0	0	0	0	0	0	0	0	0	0	0	0	0	0	0	0	0	0	0	0	0	0	0	0	0	0	0	0	0	0	0	0	0	0	0	0	0	0	0	0	0	0	0	0	0	0	0	0	0	0	0	0	0	0	0	0	0	0	0	0	0	0	0	0	0	0	0	0	0	0	0	0	0	0	0	0	0	0	0	0	0	0	0	0	0	0	0	0	0	0	0	0	0	0
class	Main genome;Bacteria;Bacteria (superkingdom);PVC group (Planctobacteria);Planctomycetota;Planctomycetes	Planctomycetes	0	0	0	0	0	0	0	0	0	0	0	0	0	0	87	0	0	0	0	0	0	0	0	0	0	0	0	0	0	0	0	0	0	0	0	0	0	0	0	0	0	0	0	0	0	0	0	0	0	0	0	0	0	0	0	0	0	0	0	0	0	0	0	0	0	0	0	0	0	0	0	0	0	0	0	0	0	0	0	0	0	0	0	0	0	0	0	0	0	0	0	0	0	0	0	0	0	0	0	0	0	474	177	11	21	2238	1902	0	17	522	751	29	22	153	285	761	632	1347	2617	936	8	0	0	0	0	0	0	0	0	53	76	19	0	0	0	0	0	0	804	5	3766	10	887	100	0	0	0	0	0
class	Main genome;Bacteria;Bacteria (superkingdom);PVC group (Planctobacteria);Planctomycetota;Phycisphaerae	Phycisphaerae	0	0	0	0	0	0	0	0	0	0	0	0	0	0	0	0	0	0	0	0	0	0	0	0	0	0	0	0	0	0	0	0	0	0	0	0	0	0	0	0	0	0	0	0	0	0	0	0	0	0	0	0	0	0	0	0	0	0	0	0	0	0	0	0	0	0	0	0	0	0	0	0	0	0	0	0	0	0	0	0	0	0	0	0	0	0	0	0	0	0	0	0	0	0	0	0	0	0	0	0	0	27	0	0	0	119	96	0	0	0	9	0	0	0	0	0	0	0	159	202	0	0	0	0	0	0	0	0	0	0	0	0	0	0	0	0	0	0	51	0	199	0	2	0	0	0	0	0	0
class	Main genome;Bacteria;Bacteria (superkingdom);PVC group (Planctobacteria);Planctomycetota;OM190	OM190	501	563	1126	1256	657	1606	763	0	2	0	0	165	0	261	0	0	63	79	18	261	258	264	0	0	0	113	0	0	2	4	14	38	7	67	20	0	283	4	0	0	0	96	24	41	21	0	0	0	0	0	0	76	9	74	0	0	0	0	0	0	38	0	437	0	0	151	0	900	943	496	334	455	0	2	0	11	44	532	241	409	210	452	650	6	0	0	26	0	0	429	616	0	86	795	574	2	5	2850	3586	0	19	2810	3018	41	33	4808	3101	63	93	5094	6279	148	44	11244	7692	10706	16149	19689	10526	5393	2171	736	473	370	490	682	279	843	641	155	180	850	663	119	2	38	343	0	4886	178	8144	232	9120	516	746	0	1254	2	2000
class	Main genome;Bacteria;Bacteria (superkingdom);PVC group (Planctobacteria);Planctomycetota;BD7-11	BD7-11	0	0	0	0	0	0	0	14	0	0	0	0	0	0	0	0	0	66	0	0	136	0	0	0	0	0	0	0	0	0	0	0	0	0	0	0	0	0	0	0	3	0	0	0	0	0	0	0	0	0	33	29	0	0	0	0	0	0	0	0	0	0	0	0	0	0	0	0	0	41	0	0	0	0	0	0	0	1	33	9	0	8	111	4	0	0	0	0	0	0	14	0	0	86	30	0	0	248	323	0	0	274	246	62	14	636	512	6	10	718	746	2	60	847	363	661	2025	536	512	1576	827	3	157	182	5	334	117	143	7	107	22	218	0	228	82	0	13	0	535	212	1015	8	1145	13	0	0	125	0	178
class	Main genome;Bacteria;Bacteria (superkingdom);PVC group (Planctobacteria);Planctomycetota;Pla4 lineage	Pla4 lineage	0	0	0	0	0	0	0	0	0	0	0	0	0	0	0	0	0	0	0	0	0	0	0	0	0	0	0	0	0	0	0	0	1	0	0	0	0	0	0	0	0	0	0	0	0	0	0	0	0	0	0	0	0	0	0	0	0	0	0	0	0	0	0	0	0	0	0	0	0	0	0	0	0	0	0	0	0	0	0	0	0	0	0	0	0	0	0	0	0	0	0	0	0	0	0	0	0	0	0	0	0	51	21	0	0	1121	360	0	2	496	523	33	1	338	647	370	1449	233	876	326	0	0	0	0	0	111	0	0	0	0	86	0	0	0	0	0	0	0	106	0	1854	3	849	160	0	0	0	0	0
class	Main genome;Bacteria;Bacteria (superkingdom);PVC group (Planctobacteria);Planctomycetota;Pla3 lineage	Pla3 lineage	0	23	0	0	0	0	0	0	0	0	0	0	0	0	0	0	0	0	0	59	0	0	0	0	0	0	0	0	0	0	0	0	1	0	5	0	0	0	0	0	0	0	62	0	0	0	0	0	0	0	0	0	0	0	0	0	0	0	0	0	0	0	72	0	0	0	0	0	0	0	0	0	0	0	0	0	0	0	0	0	0	0	0	0	0	0	0	0	0	0	0	1	0	0	0	0	0	1	0	0	0	1393	776	3	4	4801	3876	14	66	4716	5403	23	64	4594	4118	7046	10183	8730	9689	1514	108	0	0	0	0	216	753	411	251	101	200	45	382	0	0	309	0	0	2393	15	8186	47	8419	40	0	7	0	0	0
class	Main genome;Bacteria;Bacteria (superkingdom);PVC group (Planctobacteria);Planctomycetota;vadinHA49	vadinHA49	0	1	0	0	0	0	0	0	3	0	0	0	0	0	0	0	0	0	0	0	0	0	0	0	0	0	0	0	0	0	0	0	0	0	0	0	0	0	0	0	0	0	0	0	0	0	0	0	0	0	0	0	0	0	0	0	0	0	0	0	0	0	0	0	0	0	0	0	0	0	0	0	0	0	0	0	0	0	0	0	0	0	0	0	0	0	0	0	0	2	0	0	0	0	19	0	0	67	203	0	0	199	102	18	0	201	275	1	0	133	157	0	15	70	51	38	11	47	57	0	0	0	0	0	0	0	0	0	0	0	0	0	0	0	0	159	0	0	410	78	310	0	313	0	0	0	0	0	50
class	Main genome;Bacteria;Bacteria (superkingdom);PVC group (Planctobacteria);Planctomycetota;028H05-P-BN-P5	028H05-P-BN-P5	0	3	1	0	0	0	0	0	0	0	0	0	0	0	0	0	0	0	0	0	0	0	0	0	0	0	0	0	0	0	0	0	0	0	0	0	0	0	0	0	0	0	0	0	0	0	0	0	0	0	0	0	0	0	0	0	0	0	0	0	0	0	0	0	0	0	0	0	0	0	67	57	0	0	0	0	0	0	0	0	0	0	0	0	0	0	0	0	0	0	0	0	0	0	0	0	0	0	4	0	0	11	18	0	3	59	93	0	11	64	154	0	0	146	22	39	227	435	69	10	0	0	0	0	0	0	0	0	0	0	0	0	0	0	0	0	0	0	18	0	86	0	112	0	0	0	0	0	0
class	Main genome;Bacteria;Bacteria (superkingdom);Spirochaetes superphylum;Spirochaetota;Spirochaetia	Spirochaetia	0	0	0	0	0	0	0	0	0	0	0	0	0	0	0	0	0	0	0	0	0	0	0	0	0	0	0	0	0	0	0	0	0	0	0	0	0	0	0	0	0	0	0	0	0	0	0	0	0	0	0	0	0	0	0	0	0	0	0	0	0	0	0	0	0	0	0	0	0	0	0	0	0	0	0	0	0	0	0	0	0	0	0	0	0	0	0	0	0	0	0	0	0	0	0	0	0	0	0	0	0	0	0	0	0	0	0	0	0	0	0	0	0	0	0	0	0	0	0	0	0	0	0	0	0	0	0	0	0	0	0	0	0	0	0	0	0	0	0	0	0	0	0	0	0	0	0	0	0
class	Main genome;Bacteria;Bacteria (superkingdom);Spirochaetes superphylum;Spirochaetota;Leptospirae	Leptospirae	0	0	0	0	0	0	0	0	0	0	0	0	0	0	0	0	0	0	0	0	0	0	0	0	0	0	0	0	0	0	0	0	0	0	0	0	0	0	0	0	0	0	0	0	0	0	0	0	0	0	0	0	0	0	0	0	0	0	0	0	0	0	0	0	0	0	0	0	0	0	0	0	0	0	0	0	0	0	0	0	0	0	0	0	0	0	0	0	0	0	0	0	0	0	0	0	0	0	0	0	0	0	0	0	0	0	0	0	0	0	0	0	0	0	0	0	0	0	0	0	0	0	0	0	0	0	0	0	0	0	0	0	0	0	0	0	0	0	0	0	0	0	0	0	0	0	0	0	0
class	Main genome;Bacteria;Bacteria (superkingdom);Halanaerobiaeota superphylum;Halanaerobiaeota;Halanaerobiia	Halanaerobiia	0	0	0	0	0	0	0	0	0	0	0	0	0	0	0	0	0	0	0	0	0	0	0	0	0	0	0	0	0	0	0	0	0	0	0	0	0	0	0	0	0	0	0	0	0	0	0	0	0	0	0	0	0	0	0	0	0	0	0	0	0	0	0	0	0	0	0	0	0	0	0	0	0	0	0	0	0	0	0	0	0	0	0	0	0	0	0	0	0	0	0	0	0	0	0	0	0	0	0	0	0	0	0	0	0	0	0	0	0	0	0	0	0	0	0	0	0	0	0	0	0	0	0	0	0	0	0	0	0	0	0	0	0	0	0	0	0	0	0	0	0	0	0	0	0	0	0	0	0
class	Main genome;Bacteria;Bacteria (superkingdom);Dependentiae superphylum;Dependentiae;Babeliae	Babeliae	0	0	0	0	0	0	0	0	0	0	0	0	0	0	0	0	0	1	0	0	0	0	0	0	0	0	0	0	0	0	0	0	0	0	0	0	0	0	0	0	0	0	0	0	0	0	0	0	0	0	0	0	0	0	0	0	0	0	0	0	0	0	0	0	0	0	0	0	0	0	0	0	0	0	0	0	0	0	0	0	0	0	0	0	0	0	0	0	0	0	0	0	0	0	0	0	0	0	0	0	0	0	0	0	0	0	0	0	0	0	0	0	0	0	0	0	0	0	0	0	0	0	0	0	0	252	0	0	0	0	0	0	0	0	0	0	0	0	0	0	0	0	0	0	0	0	0	0	0
class	Main genome;Bacteria;Bacteria (superkingdom);Fusobacteria superphylum;Fusobacteriota;Fusobacteriia	Fusobacteriia	0	0	0	0	0	0	0	0	0	0	0	0	0	0	0	0	0	0	0	0	0	0	0	0	0	0	0	0	0	0	0	0	0	0	0	0	0	0	0	0	0	0	0	0	0	0	0	0	0	0	0	0	0	0	0	0	0	0	0	0	0	0	0	0	0	0	0	0	0	0	0	0	0	0	0	0	0	0	0	0	0	0	0	0	0	0	0	0	0	0	0	0	0	0	0	0	0	0	0	0	0	0	0	0	0	0	0	0	0	0	0	0	0	0	0	0	0	0	0	0	0	0	0	0	0	0	0	0	0	0	0	0	0	0	0	0	0	0	0	0	0	0	0	0	0	0	0	0	0
class	Main genome;Bacteria;Bacteria (superkingdom);Thermotogota superphylum;Thermotogota;Thermotogae	Thermotogae	0	0	0	0	0	0	0	0	0	0	0	0	0	0	0	0	0	0	0	0	0	0	0	0	0	0	0	0	0	0	0	0	0	0	0	0	0	0	0	0	0	0	0	0	0	0	0	0	0	0	0	0	0	0	0	0	0	0	0	0	0	0	0	0	0	0	0	0	0	0	0	0	0	0	0	0	0	0	0	0	0	0	0	0	0	0	0	0	0	0	0	0	0	0	0	0	0	0	0	0	0	0	0	0	0	0	0	0	0	0	0	0	0	0	0	0	0	0	0	0	0	0	0	0	0	0	0	0	0	0	0	0	0	0	0	0	0	0	0	0	0	0	0	0	0	0	0	0	0
class	Main genome;Bacteria;Bacteria (superkingdom);Nitrospirae superphylum;Nitrospirota;Nitrospiria	Nitrospiria	0	0	0	0	0	0	0	0	0	0	0	0	0	0	0	0	0	0	0	0	0	0	0	0	0	0	0	0	0	0	0	0	0	0	0	0	0	0	0	0	0	0	0	0	0	0	0	0	0	0	0	0	0	0	0	0	0	0	0	0	0	0	0	0	0	0	0	0	0	0	0	0	0	0	0	0	0	0	0	0	0	0	0	0	0	0	0	0	0	0	0	0	0	0	0	0	0	0	0	0	0	0	0	0	0	0	0	0	0	0	0	0	0	0	0	0	0	0	0	0	0	0	0	0	0	0	0	0	0	0	0	0	0	0	0	0	0	0	0	0	0	0	0	0	0	0	0	0	0
class	Main genome;Bacteria;Bacteria (superkingdom);Nitrospirae superphylum;Methylomirabilota;Methylomirabilia	Methylomirabilia	0	0	0	0	0	0	0	0	0	0	0	0	0	0	0	0	0	0	0	0	57	0	0	0	0	0	0	0	0	0	0	0	0	0	0	0	0	0	0	0	0	0	0	0	0	0	0	0	0	0	0	0	0	0	0	0	0	0	0	0	0	0	0	0	0	0	0	0	0	0	0	0	0	0	0	0	0	0	0	0	0	0	0	0	0	0	0	0	0	0	0	0	0	0	0	0	0	0	0	0	0	0	0	0	0	0	0	0	0	0	0	0	0	0	0	0	0	0	0	0	0	0	0	0	0	0	0	0	0	0	0	0	0	0	0	0	0	0	0	0	0	0	0	0	0	0	0	0	0
class	Main genome;Bacteria;Bacteria (superkingdom);Nitrospirae superphylum;Nitrospinota;Nitrospinia	Nitrospinia	0	0	0	0	0	0	0	0	0	0	0	0	0	0	0	0	0	0	0	0	0	0	0	0	0	0	0	0	0	0	0	0	0	0	0	0	0	0	0	0	0	0	0	0	0	0	0	0	0	0	0	0	0	0	0	0	0	0	0	0	0	0	0	0	0	0	0	0	0	0	0	0	0	0	0	0	0	0	0	0	0	0	0	0	0	0	0	0	0	0	0	0	0	0	0	0	0	0	0	0	0	0	0	0	0	0	0	0	0	0	0	0	0	0	0	0	0	0	0	0	0	0	0	0	0	0	0	0	0	0	0	0	0	0	0	0	0	0	0	0	0	0	0	0	0	0	0	0	0
class	Main genome;Bacteria;Bacteria (superkingdom);Nitrospirae superphylum;Nitrospinota;P9X2b3D02	P9X2b3D02	0	0	0	0	0	0	0	0	0	0	0	0	0	0	0	0	0	0	0	0	0	0	0	0	0	0	0	0	0	0	0	0	0	0	0	0	0	0	0	0	0	0	0	0	0	0	0	0	0	0	0	0	0	0	0	0	0	0	0	0	0	0	0	0	0	0	0	0	0	0	0	0	0	0	0	0	0	0	0	0	0	0	0	0	0	0	0	0	0	0	0	0	0	0	0	0	0	0	0	0	0	957	735	151	174	239	116	3	0	33	40	1	0	69	34	5	32	0	0	28	67	0	0	0	2	0	0	0	0	0	0	0	0	0	0	0	0	0	1633	375	414	14	62	0	0	0	0	0	0
class	Main genome;Bacteria;Bacteria (superkingdom);Nitrospinae Tectomicrobia group;Entotheonellaeota;Entotheonellia	Entotheonellia	0	0	0	0	0	0	0	0	0	0	0	0	0	0	0	0	0	0	0	0	0	0	0	0	0	0	0	0	0	0	0	0	0	0	0	0	0	0	0	0	0	0	0	0	0	0	0	0	0	0	0	0	0	0	0	0	0	0	0	0	0	0	0	0	0	0	0	0	0	0	0	0	0	0	0	0	0	0	0	0	0	0	0	0	0	0	0	0	0	0	0	0	0	0	0	0	0	0	0	0	0	0	0	0	0	0	0	0	0	0	0	0	0	0	0	0	0	0	0	0	0	0	0	0	0	0	0	0	0	0	0	0	0	0	0	0	0	0	0	0	0	0	0	0	0	0	0	0	0
class	Main genome;Bacteria;Bacteria (superkingdom);Hydrogenedentes superphylum;Hydrogenedentes;Hydrogenedentia	Hydrogenedentia	0	0	0	0	0	0	0	0	0	0	0	0	0	0	0	0	0	0	0	0	0	0	0	0	0	0	0	0	0	0	0	0	0	0	0	0	0	0	0	0	0	0	0	0	0	0	0	0	0	0	0	0	0	0	0	0	0	0	0	0	0	0	0	0	0	0	0	0	0	0	0	0	0	0	0	0	0	0	0	0	0	0	0	0	0	0	0	0	0	0	0	0	0	0	0	0	0	0	0	0	0	0	0	0	0	0	0	0	0	0	0	0	0	0	0	0	0	0	0	0	0	0	0	0	0	0	0	0	0	0	0	0	0	0	0	0	0	0	0	0	0	0	0	0	0	0	0	0	0
class	Main genome;Bacteria;Bacteria (superkingdom);Elusimicrobiota superphylum;Elusimicrobiota;Rs-M47	Rs-M47	0	0	0	0	0	0	0	0	0	0	0	0	0	0	0	116	20	0	0	0	0	0	0	0	0	0	0	0	0	0	0	0	0	0	0	0	0	0	0	0	0	0	0	0	0	0	0	0	0	0	0	0	0	0	0	0	0	0	0	0	0	0	0	0	0	0	0	0	0	0	0	0	0	0	0	0	0	0	0	0	0	0	0	0	0	0	0	0	0	0	0	0	0	0	0	0	0	0	0	0	0	0	0	0	0	0	0	0	0	0	0	0	0	0	0	0	0	0	0	0	0	0	0	0	0	165	0	0	178	0	0	0	0	0	0	0	122	0	0	0	0	0	0	0	0	0	0	0	0
class	Main genome;Bacteria;Bacteria (superkingdom);Sumerlaeota superphylum;Sumerlaeota;Sumerlaeia	Sumerlaeia	0	0	0	0	0	0	0	0	0	0	0	0	0	0	0	0	0	0	0	0	0	0	0	0	0	0	0	0	0	0	0	0	0	0	0	0	0	0	0	0	0	0	0	0	0	0	0	0	0	0	0	0	0	0	0	0	0	0	0	0	0	0	0	0	0	0	0	0	0	0	0	0	0	0	0	0	0	0	0	0	0	0	0	0	0	0	0	0	0	0	0	0	0	0	0	0	0	0	0	0	0	0	0	0	0	0	0	0	0	1	66	0	0	0	0	0	0	0	23	0	0	0	0	0	0	0	0	0	0	0	0	0	0	0	0	0	0	0	0	0	0	0	8	0	0	0	0	0	0
class	Main genome;Bacteria;Bacteria (superkingdom);Dadabacteria superphylum;Dadabacteria;Dadabacteriia	Dadabacteriia	0	0	0	0	0	0	0	0	0	0	0	0	0	0	0	0	0	0	0	0	0	0	0	0	0	0	0	0	0	0	0	0	0	0	0	0	0	0	0	0	0	0	0	0	0	0	0	0	0	0	0	0	0	0	0	0	0	0	0	0	0	0	0	0	0	0	0	0	0	0	0	0	0	0	0	0	0	0	0	0	0	0	0	0	0	0	0	0	0	0	0	0	0	0	0	0	0	0	0	0	0	0	0	0	0	0	0	0	0	0	0	0	0	0	0	0	0	0	0	0	0	0	0	0	0	0	0	0	0	0	0	0	0	0	0	0	0	0	0	0	0	0	0	0	0	0	0	0	0
class	Main genome;Archaea;Archaea (superkingdom);Euryarchaea sensu lato superphylum;Halobacterota;Halobacteria	Halobacteria	0	0	0	0	0	0	0	0	0	0	0	0	0	0	0	0	0	0	0	0	0	0	0	0	0	0	0	0	0	0	0	0	0	0	0	0	0	0	0	0	0	0	0	0	0	0	0	0	0	0	0	0	0	0	0	0	0	0	0	0	0	0	0	0	0	0	0	0	0	0	0	0	0	0	0	0	0	0	0	0	0	0	0	0	0	0	0	0	0	0	0	0	0	0	0	0	0	0	0	0	0	0	0	0	0	0	0	0	0	0	0	0	0	0	0	0	0	0	0	0	0	0	0	0	0	0	0	0	0	0	0	0	0	0	0	0	0	0	0	0	0	0	0	0	0	0	0	0	0
class	Main genome;Archaea;Archaea (superkingdom);Euryarchaea sensu lato superphylum;Thermoplasmatota;Thermoplasmata	Thermoplasmata	0	0	0	0	0	0	0	0	0	0	0	0	0	0	0	0	0	0	0	0	0	0	0	0	0	0	0	0	0	0	0	0	0	0	0	0	0	0	0	0	0	0	0	0	0	0	0	0	0	0	0	0	0	0	0	0	0	0	0	0	0	0	0	0	0	0	0	0	0	0	0	0	0	0	0	0	0	0	0	0	0	0	0	0	0	0	0	0	0	0	0	0	0	0	0	0	0	0	0	0	0	0	0	0	0	0	0	0	0	0	0	0	0	0	0	0	0	0	0	0	0	0	0	0	0	0	0	0	0	0	0	0	0	0	0	0	0	0	0	0	0	0	0	0	0	0	0	0	0
class	Main genome;Archaea;Archaea (superkingdom);TACK;Thaumarchaeota;Nitrososphaeria	Nitrososphaeria	0	0	0	0	0	0	0	0	0	0	0	0	0	0	0	0	0	0	0	0	0	0	0	0	0	0	0	0	0	0	0	0	0	0	0	0	0	0	0	0	0	0	0	0	0	0	0	0	0	0	0	0	0	0	0	0	0	0	0	0	0	0	0	0	0	0	0	0	0	0	0	0	0	0	0	0	0	0	0	0	0	0	0	0	0	0	0	0	0	0	0	0	0	0	0	0	0	0	0	0	0	0	0	0	0	0	0	0	0	0	0	0	0	0	0	0	0	0	0	0	0	0	0	0	0	0	0	0	0	0	0	0	0	0	0	0	0	0	0	0	0	0	0	0	0	0	0	0	0
class	Main genome;Archaea;Archaea (superkingdom);TACK;Thaumarchaeota;Marine Benthic Group A	Marine Benthic Group A	0	0	0	0	0	0	0	0	0	0	0	0	0	0	0	0	0	0	0	0	0	0	0	0	0	0	0	0	0	0	0	0	0	0	0	0	0	0	0	0	0	0	0	0	0	0	0	0	0	0	0	0	0	0	0	0	0	0	0	0	0	0	0	0	0	0	0	0	0	0	0	0	0	0	0	0	0	0	0	0	0	0	0	0	0	0	0	0	0	0	0	0	0	0	0	0	0	23	0	0	0	528	388	507	490	843	590	728	631	302	511	467	322	38	329	284	384	570	840	590	0	0	0	2	476	955	782	520	899	1479	4412	2145	0	0	360	465	0	0	919	1766	1367	2469	568	2026	0	0	0	0	20
class	Main genome;Archaea;Archaea (superkingdom);DPANN;Nanoarchaeota;Nanoarchaeia	Nanoarchaeia	37	4	83	4	66	7	35	256	66	10	37	15	133	10	0	0	0	0	0	62	0	0	20	31	23	35	96	0	0	21	16	0	0	5	1	132	4	17	19	17	15	0	0	0	0	0	0	0	0	0	0	0	0	0	0	0	0	0	0	0	0	0	0	167	50	0	0	2	8	2	0	4	10	16	52	13	3	0	0	2	0	0	22	24	16	0	6	0	69	4	28	11	74	35	71	85	34	0	4	3	17	1	5	27	16	93	116	583	278	100	85	984	1327	231	464	586	469	392	85	12	0	1	351	14	9	20561	26951	19974	13407	9151	12724	1443	13	0	210	0	14	19	6	112	168	2239	212	3949	8	54	66	269	0
order	Main genome;Bacteria;Bacteria (superkingdom);Proteobacteria superphylum;Proteobacteria;Gammaproteobacteria;Enterobacterales	Enterobacterales	0	0	0	0	0	0	0	13	0	0	0	43	52	0	0	0	0	0	0	0	1	4	0	5	0	2	14	0	0	0	0	0	0	0	0	12	0	1	0	0	0	0	85	8	50	18	1	0	0	0	0	0	0	0	0	0	0	0	0	0	0	0	40	0	0	5	0	0	0	0	0	0	0	4	0	0	0	0	0	0	0	0	0	0	0	14	0	45	0	0	24	3	1	0	3	2	0	0	6	1	5	32	0	0	0	0	0	0	0	0	0	0	0	9	0	0	0	0	0	0	0	0	0	8	0	0	8	0	0	0	0	0	0	0	5	4	0	1	47	0	0	0	0	0	0	21	0	11	0
order	Main genome;Bacteria;Bacteria (superkingdom);Proteobacteria superphylum;Proteobacteria;Gammaproteobacteria;Pseudomonadales	Pseudomonadales	0	0	0	0	0	0	0	0	0	0	0	0	0	0	0	0	0	0	0	0	0	0	0	0	0	0	0	0	0	0	0	0	0	0	0	0	0	0	0	0	0	0	0	0	0	0	0	0	6	0	0	33	0	0	0	0	0	18	14	0	0	1	0	0	0	0	0	0	0	0	0	0	0	0	0	0	0	0	0	0	0	0	0	0	0	0	0	0	0	0	0	0	0	0	0	0	0	0	0	0	0	0	0	0	0	0	0	59	31	0	0	0	0	0	0	0	0	0	0	0	0	0	0	0	0	0	0	0	0	0	0	0	0	0	0	0	0	0	0	0	0	200	0	0	0	0	0	0	0
order	Main genome;Bacteria;Bacteria (superkingdom);Proteobacteria superphylum;Proteobacteria;Gammaproteobacteria;Burkholderiales	Burkholderiales	0	0	0	0	0	0	0	0	0	0	0	0	0	0	0	0	0	0	0	0	0	0	0	0	0	0	0	0	0	0	0	0	0	0	0	0	0	0	0	0	0	0	0	0	0	0	0	0	0	0	0	0	0	0	0	0	0	0	0	0	0	0	0	0	0	0	0	0	0	0	0	0	0	0	0	0	0	0	0	0	0	0	0	0	0	0	0	0	0	0	0	0	0	0	0	0	0	0	0	0	0	0	0	0	0	0	0	0	0	0	0	0	0	0	0	0	0	0	0	0	0	0	0	0	0	0	0	0	0	0	0	0	0	0	0	0	0	0	0	0	0	0	0	0	0	0	0	0	0
order	Main genome;Bacteria;Bacteria (superkingdom);Proteobacteria superphylum;Proteobacteria;Gammaproteobacteria;Xanthomonadales	Xanthomonadales	0	0	0	0	0	0	0	0	0	0	0	0	0	0	0	0	0	0	0	0	0	0	0	0	0	0	0	0	0	0	0	0	0	0	0	0	0	0	0	0	0	0	0	0	0	0	0	0	0	0	0	0	0	0	0	0	0	0	0	0	0	0	0	0	0	0	0	0	0	0	0	0	0	0	0	0	0	0	0	0	0	0	0	0	0	0	0	0	0	0	0	0	0	0	0	0	0	0	0	0	0	0	0	0	0	0	0	0	0	0	0	0	0	0	0	0	0	0	0	0	0	0	0	0	0	0	0	0	0	0	0	0	0	0	0	0	0	0	0	0	0	0	0	0	0	0	0	0	0
order	Main genome;Bacteria;Bacteria (superkingdom);Proteobacteria superphylum;Proteobacteria;Gammaproteobacteria;Coxiellales	Coxiellales	72	72	63	106	9	136	30	19	102	26	1	27	88	16	0	0	0	0	0	0	0	0	0	0	0	8	77	0	6	0	3	17	0	0	4	48	11	4	0	0	1	0	0	0	0	0	0	0	0	0	0	0	0	0	0	0	0	0	0	0	0	0	0	0	0	0	0	74	7	91	94	175	166	21	3	22	16	6	11	7	1	0	2	0	5	13	2	27	28	98	116	49	6	3	144	24	31	14	45	23	5	37	122	10	31	47	20	122	37	95	136	75	85	112	43	143	290	102	26	0	38	79	0	0	7	222	50	251	189	62	497	60	23	4	24	6	14	110	69	24	53	488	167	357	163	155	1	55	11
order	Main genome;Bacteria;Bacteria (superkingdom);Proteobacteria superphylum;Proteobacteria;Gammaproteobacteria;Halothiobacillales	Halothiobacillales	0	0	0	0	0	0	0	0	0	0	0	0	0	0	0	0	0	0	0	0	0	0	0	0	0	0	0	0	0	0	0	0	0	0	0	0	0	0	0	0	0	0	0	0	0	0	0	0	0	0	0	0	0	0	0	0	0	0	0	0	0	0	0	0	0	0	0	0	0	0	0	0	0	0	0	0	0	0	0	0	0	0	0	0	0	0	0	0	0	0	0	0	0	0	0	0	0	0	0	0	0	0	0	0	0	0	0	0	0	0	0	0	0	0	0	0	0	0	0	0	0	0	0	0	0	0	0	0	0	0	0	0	0	0	0	0	0	0	0	0	0	0	0	0	0	0	0	0	0
order	Main genome;Bacteria;Bacteria (superkingdom);Proteobacteria superphylum;Proteobacteria;Gammaproteobacteria;UBA10353 marine group	UBA10353 marine group	0	21	0	40	104	32	1	7	0	0	0	0	0	0	7	58	32	78	118	60	46	64	0	0	0	0	0	569	612	356	721	710	645	685	765	17	0	0	0	0	0	505	527	481	4	0	0	31	0	0	0	0	0	0	0	0	1	0	0	0	6	0	28	0	0	0	0	9	91	99	49	186	0	0	0	0	0	43	69	21	46	20	94	0	0	0	0	0	0	20	96	0	0	137	120	0	0	367	1524	0	11	1867	1111	253	306	13042	8346	9	21	10466	11344	7	10	16175	13587	17566	21457	8013	7950	3250	265	162	112	88	33	2	125	0	211	24	0	0	0	0	0	212	0	0	3132	978	21735	42	18655	24	42	0	208	0	286
order	Main genome;Bacteria;Bacteria (superkingdom);Proteobacteria superphylum;Proteobacteria;Gammaproteobacteria;Legionellales	Legionellales	0	0	0	0	0	0	0	0	0	0	0	0	0	0	0	0	0	0	0	0	0	0	0	0	0	0	0	0	0	0	0	0	0	0	0	0	0	0	0	0	0	0	0	0	0	0	0	0	0	0	0	0	0	0	0	0	0	0	0	0	0	0	0	0	0	0	0	0	0	0	0	0	0	0	0	0	0	0	0	0	0	0	0	0	0	0	0	0	0	0	0	0	0	0	0	0	0	0	0	0	0	0	0	0	0	0	0	0	0	0	0	0	0	0	0	0	0	0	0	0	0	0	0	0	0	0	0	0	0	0	0	0	0	0	0	0	0	0	0	0	0	0	0	0	0	0	0	0	0
order	Main genome;Bacteria;Bacteria (superkingdom);Proteobacteria superphylum;Proteobacteria;Gammaproteobacteria;Salinisphaerales	Salinisphaerales	0	0	0	0	0	0	0	0	0	0	0	0	0	0	0	0	0	0	0	0	0	0	0	0	0	0	0	0	0	0	0	0	0	0	0	0	0	0	0	0	0	0	0	0	0	0	0	0	0	0	0	0	0	0	0	0	0	0	0	0	0	0	0	0	0	0	0	0	0	0	0	0	0	0	0	0	0	0	0	0	0	0	0	0	0	0	0	0	0	0	0	0	0	0	0	0	0	0	0	0	0	0	0	0	0	0	0	0	0	0	0	0	0	0	0	0	0	0	0	0	0	0	0	0	0	0	0	0	0	0	0	0	0	0	0	0	0	0	0	0	0	0	0	0	0	0	0	0	0
order	Main genome;Bacteria;Bacteria (superkingdom);Proteobacteria superphylum;Proteobacteria;Gammaproteobacteria;Ectothiorhodospirales	Ectothiorhodospirales	0	0	0	0	0	0	0	0	0	0	0	0	0	0	0	0	0	0	0	0	0	0	0	0	0	0	0	0	0	0	0	0	0	0	0	0	0	0	0	0	0	0	0	0	0	0	0	0	0	0	0	0	0	0	0	0	0	0	0	0	0	0	0	0	0	0	0	0	0	0	0	0	0	0	0	0	0	0	0	0	0	0	0	0	0	0	0	0	0	0	0	0	0	0	0	0	0	0	0	0	0	0	0	0	0	0	0	0	0	0	0	0	0	0	0	0	0	0	0	0	0	0	0	0	0	0	0	0	0	0	0	0	0	0	0	0	0	0	0	0	0	0	0	0	0	0	0	0	0
order	Main genome;Bacteria;Bacteria (superkingdom);Proteobacteria superphylum;Proteobacteria;Gammaproteobacteria;Francisellales	Francisellales	0	0	0	0	0	0	0	0	0	0	0	0	0	0	0	0	0	0	0	0	0	0	0	0	0	0	0	0	0	0	0	0	0	0	0	0	0	0	0	0	0	0	0	0	0	0	0	0	0	0	0	0	0	0	0	0	0	0	0	0	0	0	0	0	0	0	0	0	0	0	0	0	0	0	0	0	0	0	0	0	0	0	0	0	0	0	0	0	0	0	0	0	0	0	0	0	0	0	0	0	0	0	0	0	0	0	0	0	0	0	0	0	0	0	0	0	0	0	0	0	0	0	0	0	0	0	0	0	0	0	0	0	0	0	0	0	0	0	0	0	0	0	0	0	0	0	0	0	0
order	Main genome;Bacteria;Bacteria (superkingdom);Proteobacteria superphylum;Proteobacteria;Gammaproteobacteria;Competibacterales	Competibacterales	0	0	0	0	0	0	0	0	0	0	0	0	0	0	0	0	0	0	0	0	0	0	0	0	0	0	0	0	0	0	0	0	0	0	0	0	0	0	0	0	0	0	0	0	0	0	0	0	0	0	0	0	0	0	0	0	0	0	0	0	0	0	0	0	0	0	0	0	0	0	0	0	0	0	0	0	0	0	0	0	0	0	0	0	0	0	0	0	0	0	0	0	0	0	0	0	0	0	0	0	0	0	0	0	0	0	0	0	0	0	0	0	0	0	0	0	0	0	0	0	0	0	0	0	0	0	0	0	0	0	0	0	0	0	0	0	0	0	0	0	0	0	0	0	0	0	0	0	0
order	Main genome;Bacteria;Bacteria (superkingdom);Proteobacteria superphylum;Proteobacteria;Gammaproteobacteria;Thiomicrospirales	Thiomicrospirales	0	0	0	0	0	0	0	0	0	0	0	0	0	0	0	0	0	0	0	0	0	0	0	0	0	0	0	0	0	0	0	0	0	0	0	0	0	0	0	0	0	0	0	0	0	0	0	0	0	0	0	0	0	0	0	0	0	0	0	0	0	0	0	0	0	0	0	0	0	0	0	0	0	0	0	0	0	0	0	0	0	0	0	0	0	0	0	0	0	0	0	0	0	0	0	0	0	0	0	0	0	0	0	0	0	0	0	0	0	0	0	0	0	0	0	0	0	0	0	0	0	0	0	0	0	0	0	0	0	0	0	0	0	0	0	0	0	0	0	0	0	0	0	0	0	0	0	0	0
order	Main genome;Bacteria;Bacteria (superkingdom);Proteobacteria superphylum;Proteobacteria;Gammaproteobacteria;Thiotrichales	Thiotrichales	0	0	0	0	0	0	0	0	0	0	0	0	0	0	0	0	0	0	0	0	0	0	0	0	0	0	0	0	0	0	0	0	0	0	0	0	0	0	0	0	0	0	0	0	0	0	0	0	0	0	0	0	0	0	0	0	0	0	0	0	0	0	0	0	0	0	0	0	0	0	0	0	0	0	0	0	0	0	0	0	0	0	0	0	0	0	0	0	0	0	0	0	0	0	0	0	0	0	0	0	0	0	0	0	0	0	0	0	0	0	0	0	0	0	0	0	0	0	0	0	0	0	0	0	0	0	0	0	0	0	0	0	0	0	0	0	0	0	0	0	0	0	0	0	0	0	0	0	0
order	Main genome;Bacteria;Bacteria (superkingdom);Proteobacteria superphylum;Proteobacteria;Gammaproteobacteria;Piscirickettsiales	Piscirickettsiales	0	0	0	0	0	0	0	0	0	0	0	0	0	0	0	0	0	0	0	0	0	0	0	0	0	0	0	0	0	0	0	0	0	0	0	0	0	0	0	0	0	0	0	0	0	0	0	0	0	0	0	0	0	0	0	0	0	0	0	0	0	0	0	0	0	0	0	0	0	0	0	0	0	0	0	0	0	0	0	0	0	0	0	0	0	0	0	0	0	0	0	0	0	0	0	0	0	87	21	0	2	1	5	0	0	62	101	0	0	6	50	0	0	36	43	96	23	0	0	0	0	0	0	0	0	0	0	0	0	0	0	0	0	0	0	0	0	0	2	0	99	0	20	0	0	0	0	0	63
order	Main genome;Bacteria;Bacteria (superkingdom);Proteobacteria superphylum;Proteobacteria;Gammaproteobacteria;Nitrosococcales	Nitrosococcales	0	0	0	0	0	0	0	0	0	0	0	0	0	0	0	0	0	0	0	0	0	0	0	0	0	0	0	0	0	0	0	0	0	0	0	0	0	0	0	0	0	0	0	0	0	0	0	0	0	0	0	0	0	0	0	0	0	0	0	0	0	0	0	0	0	0	0	0	0	0	0	0	0	0	0	0	0	0	0	0	0	0	0	0	0	0	0	0	0	0	0	0	0	0	0	0	0	0	0	0	0	0	0	0	0	0	0	0	0	0	0	0	0	0	0	0	0	0	0	0	0	0	0	0	0	0	0	0	0	0	0	0	0	0	0	0	0	0	0	0	0	0	0	0	0	0	0	0	0
order	Main genome;Bacteria;Bacteria (superkingdom);Proteobacteria superphylum;Proteobacteria;Gammaproteobacteria;Steroidobacterales	Steroidobacterales	0	0	0	0	0	0	0	0	0	0	0	0	0	0	0	0	0	0	0	0	0	0	0	0	0	0	0	0	0	0	0	0	0	0	0	0	0	0	0	0	0	0	0	0	0	0	0	0	0	0	0	0	0	0	0	0	0	0	0	0	0	0	0	0	0	0	0	0	0	0	0	0	0	0	0	0	0	0	0	0	0	0	0	0	0	0	0	0	0	0	0	0	0	0	0	0	0	0	0	0	0	0	0	0	0	0	0	0	0	0	0	0	0	0	0	0	0	0	0	0	0	0	0	0	0	0	0	0	0	0	0	0	0	0	0	0	0	0	0	0	0	0	0	0	0	0	0	0	0
order	Main genome;Bacteria;Bacteria (superkingdom);Proteobacteria superphylum;Proteobacteria;Gammaproteobacteria;Arenicellales	Arenicellales	0	0	0	0	0	0	0	0	0	0	0	0	0	0	0	0	0	0	2	0	0	0	0	0	0	0	0	0	0	0	0	0	0	0	0	0	0	0	0	0	0	0	0	0	0	0	0	0	4	0	22	17	0	0	0	0	0	0	0	0	0	12	0	0	0	0	0	0	0	0	0	0	0	0	0	0	0	0	0	0	0	0	0	0	0	0	0	0	0	0	0	0	0	0	0	0	0	0	0	0	0	0	0	0	0	0	0	0	0	0	0	0	0	0	0	0	0	0	0	0	0	0	0	0	0	0	0	0	0	0	0	0	0	0	0	0	0	0	0	0	0	0	0	0	0	0	0	0	0
order	Main genome;Bacteria;Bacteria (superkingdom);Proteobacteria superphylum;Proteobacteria;Gammaproteobacteria;Granulosicoccales	Granulosicoccales	0	0	0	0	0	0	0	0	0	0	0	0	0	0	0	0	0	0	0	0	0	0	0	0	0	0	0	0	0	0	0	0	0	0	0	0	0	0	0	0	0	0	0	0	0	0	0	0	0	0	0	0	0	0	0	0	0	0	0	0	0	0	0	0	0	0	0	0	0	0	0	0	0	0	0	0	0	0	0	0	0	0	0	0	0	0	0	0	0	0	0	0	0	0	0	0	0	0	0	0	0	0	0	0	0	0	0	0	0	0	0	0	0	0	0	0	0	0	0	0	0	0	0	0	0	0	0	0	0	0	0	0	0	0	0	0	0	0	0	0	0	0	0	0	0	0	0	0	0
order	Main genome;Bacteria;Bacteria (superkingdom);Proteobacteria superphylum;Proteobacteria;Gammaproteobacteria;JTB23	JTB23	0	0	0	0	0	0	0	0	0	0	0	0	0	0	0	0	0	0	0	0	0	0	0	0	0	0	0	0	0	0	0	0	0	0	0	0	0	0	0	0	0	0	0	0	0	0	0	0	0	0	0	0	0	0	0	0	0	0	0	0	0	0	0	4	0	0	0	0	0	0	0	0	0	0	0	0	0	0	2	0	3	0	0	0	0	4	0	24	0	0	0	0	0	0	0	3	0	50	0	7	35	758	681	837	687	625	476	586	600	35	301	152	204	0	0	0	0	3	223	261	0	3	0	0	0	0	0	0	0	335	611	1417	0	0	0	0	70	26	1575	3154	1113	2382	72	732	0	0	0	24	35
order	Main genome;Bacteria;Bacteria (superkingdom);Proteobacteria superphylum;Proteobacteria;Gammaproteobacteria;HOC36	HOC36	94	87	229	149	130	182	55	20	5	0	0	0	0	0	0	0	0	0	1	0	2	0	0	0	0	0	0	0	16	6	0	14	8	19	183	0	0	0	0	0	0	126	84	36	44	0	1	0	0	0	0	0	0	0	0	0	0	0	0	0	0	0	83	0	0	0	0	152	188	142	128	232	124	19	0	90	4	2603	3132	2423	1249	1299	2478	39	97	197	91	72	65	173	304	170	43	5147	5726	1204	1044	16359	22866	952	3415	9678	6350	942	724	17369	13553	389	369	11524	14414	894	654	3663	4465	4758	7562	42875	31003	20997	8021	7982	4649	5009	6676	1143	1232	1086	802	810	1527	1026	306	525	373	291	516	3462	17478	3510	29818	1624	21345	3675	330	687	8791	4520	14587
order	Main genome;Bacteria;Bacteria (superkingdom);Proteobacteria superphylum;Proteobacteria;Gammaproteobacteria;Ga0077536	Ga0077536	87	221	144	103	27	128	17	0	1	0	0	0	14	0	3	0	0	0	0	0	0	0	0	0	0	0	0	0	0	0	0	0	0	0	0	0	38	1	0	0	0	74	37	14	1	9	0	0	0	0	0	3	0	0	0	0	0	0	0	0	17	7	2	0	0	0	0	10	21	30	12	51	0	0	0	16	0	11	17	25	14	13	74	0	0	0	19	0	0	139	56	46	21	178	69	3	11	77	202	1	11	421	158	19	24	481	275	5	0	101	242	7	2	0	101	11	61	4	14	294	303	490	137	47	31	0	0	0	0	0	0	0	7	22	0	0	0	4	726	91	843	8	199	34	289	215	306	9	89
order	Main genome;Bacteria;Bacteria (superkingdom);Proteobacteria superphylum;Proteobacteria;Gammaproteobacteria;EPR3968-O8a-Bc78	EPR3968-O8a-Bc78	0	0	0	0	0	2	0	0	0	0	0	0	0	0	0	0	0	0	0	0	0	0	0	0	0	0	0	0	0	0	0	1	0	0	0	0	0	0	0	0	0	0	0	0	0	0	0	0	0	0	0	0	0	0	0	0	0	0	0	0	0	0	0	0	0	0	0	0	0	0	0	0	0	0	0	0	0	0	0	0	0	0	0	0	0	0	0	0	0	0	0	0	0	0	0	0	0	1	49	36	11	2049	1183	914	840	837	463	80	67	579	325	446	20	1638	922	1158	845	739	496	195	0	0	0	0	0	146	16	76	195	189	70	455	0	0	0	247	0	112	3483	3029	1352	302	1087	1598	0	0	0	0	1
order	Main genome;Bacteria;Bacteria (superkingdom);Proteobacteria superphylum;Proteobacteria;Gammaproteobacteria;Tenderiales	Tenderiales	0	0	0	0	0	0	0	0	0	0	0	0	0	0	0	0	0	0	0	0	0	0	0	0	0	0	0	0	0	0	0	0	0	0	0	0	0	0	0	0	0	0	0	0	0	0	0	0	0	0	0	0	0	0	0	0	0	0	0	0	0	0	0	0	0	0	0	0	0	0	0	0	0	0	0	0	0	0	0	0	0	0	0	0	0	0	0	0	0	0	0	0	0	0	0	0	0	0	0	0	0	0	0	0	0	0	0	0	0	0	0	0	0	0	0	0	0	0	0	0	0	0	0	0	0	0	0	0	0	0	0	0	0	0	0	0	0	0	0	0	0	0	0	0	0	0	0	0	0
order	Main genome;Bacteria;Bacteria (superkingdom);Proteobacteria superphylum;Proteobacteria;Gammaproteobacteria;EC3	EC3	0	0	0	0	0	0	0	0	0	0	0	0	0	0	0	0	0	0	0	0	0	0	0	0	0	0	0	0	0	0	0	0	0	0	0	0	0	0	0	0	0	0	0	0	0	0	0	0	0	0	0	0	0	0	0	0	0	0	0	0	0	0	0	0	0	0	0	0	0	0	0	0	0	0	0	0	0	0	0	0	0	0	0	0	0	0	0	0	0	1	0	0	0	0	0	11	18	0	0	0	0	24	0	0	0	0	0	4	2	0	23	6	0	0	0	0	0	0	0	0	0	0	0	0	0	0	0	0	0	0	0	0	0	0	0	0	0	0	38	1	0	9	0	21	5	0	0	44	0
order	Main genome;Bacteria;Bacteria (superkingdom);Proteobacteria superphylum;Proteobacteria;Gammaproteobacteria;HglApr721	HglApr721	1	6	12	61	0	4	14	22	1	5	0	16	9	0	0	0	0	0	0	0	0	0	0	0	1	0	0	0	0	0	0	0	0	0	0	0	0	0	0	0	0	0	0	0	0	0	0	0	0	0	0	0	0	0	0	0	0	0	0	0	0	0	0	0	0	0	0	0	0	1	0	0	0	0	0	0	0	0	43	0	0	0	0	0	7	0	0	4	39	0	3	0	13	0	0	0	0	0	0	0	0	0	0	0	0	0	0	0	0	0	0	0	0	0	0	0	0	0	0	0	0	0	0	4	0	0	0	0	0	0	0	0	158	8	3	0	38	0	0	0	0	0	0	0	0	2	0	0	0
order	Main genome;Bacteria;Bacteria (superkingdom);Proteobacteria superphylum;Proteobacteria;Gammaproteobacteria;AT-s2-59	AT-s2-59	0	0	0	0	0	0	0	0	0	0	0	0	0	0	0	0	0	0	0	0	0	0	0	0	0	0	0	0	0	0	0	0	0	0	0	0	0	0	0	0	0	0	0	0	0	0	0	0	0	0	0	0	0	0	0	0	0	0	0	0	0	0	0	0	0	0	0	0	0	0	0	0	0	0	0	0	0	0	0	0	0	0	0	0	0	0	0	0	0	0	0	3	0	0	0	0	0	0	0	0	0	0	0	11	0	439	337	304	168	499	729	385	26	638	443	632	960	701	495	20	0	0	0	0	0	81	147	82	101	369	84	0	0	0	0	0	0	0	0	28	712	995	876	1634	0	6	0	0	0
order	Main genome;Bacteria;Bacteria (superkingdom);Proteobacteria superphylum;Proteobacteria;Gammaproteobacteria;UBA4486	UBA4486	0	0	0	0	0	0	0	0	0	0	0	0	0	0	0	0	0	0	0	0	11	40	0	0	0	0	0	0	0	0	0	0	0	0	0	0	0	0	0	0	0	0	0	0	0	0	0	0	0	0	0	0	0	0	0	0	0	0	0	0	0	0	0	0	0	0	0	0	0	0	0	0	0	0	0	0	0	0	0	0	0	5	12	2	0	2	71	0	1	0	0	0	0	0	0	0	0	3	2	15	22	461	250	599	334	307	128	187	254	33	8	55	48	0	0	0	0	135	135	48	49	0	0	151	14	0	0	0	0	0	276	522	22	0	0	17	60	38	743	1997	513	678	28	235	0	0	0	0	5
order	Main genome;Bacteria;Bacteria (superkingdom);Proteobacteria superphylum;Proteobacteria;Gammaproteobacteria;D90	D90	0	0	0	0	0	0	0	0	0	0	0	0	0	0	0	0	0	0	0	0	0	0	0	0	0	0	0	0	0	0	0	0	0	0	0	0	0	0	0	0	0	0	0	0	0	0	0	0	0	0	0	0	0	1	0	0	0	0	0	0	0	0	0	0	0	0	0	0	0	0	0	0	0	0	0	0	0	0	0	0	0	0	0	0	0	0	0	0	0	0	0	0	0	0	0	0	0	0	0	0	0	36	15	46	149	161	263	653	679	65	397	514	514	7	104	17	15	91	209	99	0	0	0	146	0	354	503	427	474	952	1429	765	0	0	0	0	0	0	45	184	246	2601	175	2029	0	0	0	3	0
order	Main genome;Bacteria;Bacteria (superkingdom);Proteobacteria superphylum;Proteobacteria;Alphaproteobacteria;Sphingomonadales	Sphingomonadales	0	0	0	0	0	0	0	0	0	0	0	0	0	0	0	0	0	0	0	0	0	0	0	0	0	0	0	0	0	0	0	0	0	0	0	0	0	0	0	0	0	0	0	0	0	0	0	0	0	0	0	0	0	0	0	0	0	0	0	0	0	0	0	0	0	0	0	0	0	0	0	0	0	0	0	0	0	0	0	0	0	0	0	0	0	0	0	0	0	0	0	0	0	0	0	0	0	0	0	0	0	0	0	0	0	0	0	0	0	0	0	0	0	0	0	0	0	0	0	0	0	0	0	0	0	0	0	0	0	0	0	0	0	0	0	0	0	0	0	0	0	0	0	0	0	0	0	0	0
order	Main genome;Bacteria;Bacteria (superkingdom);Proteobacteria superphylum;Proteobacteria;Alphaproteobacteria;Rhodospirillales	Rhodospirillales	11	2	29	0	0	0	0	0	0	16	0	0	0	0	0	0	0	0	0	0	0	0	0	0	0	0	0	2	13	0	0	0	0	0	0	80	13	29	116	0	0	0	0	0	0	0	0	0	0	0	0	0	0	0	0	0	0	0	0	0	0	0	0	0	0	0	0	0	0	33	0	0	0	0	0	0	0	0	12	0	7	0	0	2	0	0	13	0	0	0	0	0	0	0	0	0	0	0	0	0	0	0	0	0	0	0	0	0	0	0	0	0	0	1017	0	85	0	0	0	0	0	0	0	0	0	4723	2	0	0	0	0	0	0	0	0	0	0	0	0	0	0	0	0	0	0	0	0	0	0
order	Main genome;Bacteria;Bacteria (superkingdom);Proteobacteria superphylum;Proteobacteria;Alphaproteobacteria;Rhizobiales	Rhizobiales	0	0	0	0	0	1	0	0	0	0	0	4	0	0	232	910	900	1204	900	1813	514	1102	0	0	0	0	60	61	15	48	7	24	43	80	108	1	50	0	0	0	0	24	5	14	0	0	0	0	0	0	0	0	0	0	0	0	0	0	0	0	0	19	13	0	0	0	0	0	0	0	0	0	0	0	0	0	0	3	108	26	18	13	80	0	0	0	2	0	0	0	0	0	0	0	0	0	0	0	0	0	0	0	0	0	0	0	0	0	0	0	0	0	0	0	0	0	0	0	0	151	167	50	8	69	208	0	205	0	294	263	0	224	0	0	0	0	352	0	0	0	0	0	0	0	0	0	0	0	0
order	Main genome;Bacteria;Bacteria (superkingdom);Proteobacteria superphylum;Proteobacteria;Alphaproteobacteria;Rickettsiales	Rickettsiales	27	26	23	1	0	0	0	4	40	0	0	28	0	0	0	26	73	0	0	62	0	0	0	0	0	0	0	23	31	99	60	0	0	5	11	47	21	51	1	0	0	60	71	68	0	0	0	0	0	0	0	0	0	0	0	0	0	0	0	0	0	0	0	0	0	0	1	7	0	0	0	1	21	30	5	7	0	0	1	48	0	0	5	30	58	32	12	54	54	4	0	19	2	76	0	93	23	0	10	58	38	72	36	43	123	298	387	829	468	331	862	494	355	563	723	516	377	394	511	87	5	81	152	0	12	1639	1691	1870	1739	1802	2701	263	17	2	309	46	40	243	117	209	518	3336	489	2058	7	59	121	419	2
order	Main genome;Bacteria;Bacteria (superkingdom);Proteobacteria superphylum;Proteobacteria;Alphaproteobacteria;Caulobacterales	Caulobacterales	0	0	0	0	0	0	0	0	0	0	0	0	0	0	0	0	0	0	0	0	0	0	0	0	0	0	0	0	0	0	0	0	0	0	0	0	0	0	0	0	0	0	0	0	0	0	0	0	0	0	0	0	0	0	0	0	0	0	0	0	0	0	0	0	0	0	0	0	0	0	0	0	0	0	0	0	0	0	0	0	0	0	0	0	0	0	0	0	0	0	0	0	0	0	0	0	0	0	0	0	0	0	0	0	0	0	0	0	0	0	0	0	0	0	0	0	0	0	0	0	0	0	0	0	0	0	0	0	0	0	0	0	0	0	0	0	0	0	0	0	0	0	0	0	0	0	0	0	0
order	Main genome;Bacteria;Bacteria (superkingdom);Proteobacteria superphylum;Proteobacteria;Alphaproteobacteria;Rhodobacterales	Rhodobacterales	0	0	0	0	0	0	0	0	0	0	0	0	0	0	0	0	0	0	0	0	0	0	0	0	0	0	0	0	0	0	0	0	0	0	0	0	0	0	0	0	0	0	0	0	0	0	0	0	0	0	0	0	0	0	0	0	0	0	0	0	0	0	0	0	0	0	0	0	0	0	0	0	0	0	0	0	0	0	0	0	0	0	0	0	0	0	0	0	0	0	0	0	0	0	0	0	0	0	0	0	0	0	0	0	0	0	0	0	0	0	0	0	0	0	0	0	0	0	0	0	0	0	0	0	0	0	0	0	0	0	0	0	0	0	0	0	0	0	0	0	0	0	0	0	0	0	0	0	0
order	Main genome;Bacteria;Bacteria (superkingdom);Proteobacteria superphylum;Proteobacteria;Alphaproteobacteria;Puniceispirillales	Puniceispirillales	0	0	0	0	0	0	0	0	0	0	0	0	0	0	0	0	0	0	0	0	0	0	0	0	0	0	0	24	45	1	21	23	4	75	3	0	0	0	0	0	0	14	48	18	0	0	0	0	0	0	0	0	0	0	0	0	0	0	0	0	0	0	0	0	0	0	0	0	0	0	0	0	0	0	0	0	0	0	0	0	0	0	0	0	0	0	0	0	0	0	0	0	0	0	0	0	0	0	0	0	0	0	0	0	0	0	0	0	0	0	0	0	0	0	0	0	0	0	0	0	0	0	0	0	0	0	0	0	0	0	0	0	0	0	0	0	0	0	0	0	0	0	0	0	0	0	0	0	0
order	Main genome;Bacteria;Bacteria (superkingdom);Proteobacteria superphylum;Proteobacteria;Alphaproteobacteria;Kiloniellales	Kiloniellales	0	0	0	0	0	0	0	0	0	0	0	0	0	0	0	13	90	50	37	231	23	34	0	0	3	0	1	0	0	0	0	0	0	0	7	0	0	0	0	0	0	0	0	0	0	0	0	0	0	0	0	0	0	0	0	0	0	0	0	0	0	0	0	0	0	0	0	0	0	0	0	0	0	0	0	0	0	0	0	0	0	0	0	0	0	0	0	0	0	0	0	0	0	0	0	0	0	0	0	0	0	0	0	0	0	0	0	0	0	0	0	0	0	0	0	0	0	0	0	0	0	0	0	0	0	0	0	0	0	0	0	0	0	0	0	0	0	0	0	0	0	0	0	0	0	0	0	0	0
order	Main genome;Bacteria;Bacteria (superkingdom);Proteobacteria superphylum;Proteobacteria;Alphaproteobacteria;Pelagibacterales	Pelagibacterales	35481	37470	45383	40105	21148	25821	17443	21811	30044	20082	27725	24699	29122	23033	12335	14461	11366	9958	15271	6185	23367	6725	24800	28950	18077	23577	58334	13424	14622	13546	5485	6637	2833	8024	9204	47285	41087	53230	58293	61707	67411	19535	22779	12271	32571	33242	39164	5055	34155	42611	68353	31957	45375	45777	12459	12046	17215	9031	12169	28375	29241	9662	14846	24131	14379	5184	23541	9413	7810	3700	5590	10049	34472	23195	22084	21996	18714	16097	20824	22083	15345	24396	25846	32586	32415	31853	28289	31996	28851	9597	41396	27603	27918	16298	15898	41215	23255	21043	12868	33269	18427	13855	19022	13478	19597	21479	16990	16308	12977	10148	22737	13634	7737	30850	36500	30418	27129	22784	17228	43884	38261	55422	40213	48204	51462	57683	48945	50615	41989	55815	87300	104721	84893	135906	172758	168873	120838	128509	26228	52748	37708	68076	18819	58425	17739	114754	27933	168115	18403
order	Main genome;Bacteria;Bacteria (superkingdom);Proteobacteria superphylum;Proteobacteria;Alphaproteobacteria;Alphaproteobacteria Incertae Sedis	Alphaproteobacteria Incertae Sedis	0	0	0	0	0	0	0	0	0	0	0	0	0	0	0	0	0	0	0	0	0	0	0	0	0	0	0	0	0	0	0	0	0	0	0	0	0	0	0	0	0	0	0	0	0	0	0	0	0	0	0	0	0	0	0	0	0	0	0	0	0	0	0	0	0	0	0	0	0	0	0	0	0	0	0	0	0	0	0	0	0	0	0	0	0	0	0	0	0	0	0	0	0	0	0	0	0	0	0	0	0	0	0	0	0	0	0	0	0	0	0	0	0	0	0	0	0	0	0	0	0	0	0	0	0	0	0	0	0	0	0	0	0	0	0	0	0	0	0	0	0	0	0	0	0	0	0	0	0
order	Main genome;Bacteria;Bacteria (superkingdom);Proteobacteria superphylum;Proteobacteria;Alphaproteobacteria;Thalassobaculales	Thalassobaculales	404	296	269	295	358	283	234	0	0	0	2	0	0	4	1	339	92	38	73	42	184	16	0	4	7	24	27	206	228	161	210	106	119	352	159	0	0	1	0	0	0	29	96	42	0	0	0	0	0	0	0	0	0	0	0	0	0	0	0	0	0	0	0	0	0	0	0	221	182	98	104	170	0	0	0	0	0	0	0	0	0	0	0	0	0	0	0	0	0	282	173	9	6	3	0	0	0	0	0	0	0	0	134	0	0	0	0	0	0	0	0	0	0	0	0	0	0	0	103	63	64	0	0	0	1	0	0	0	174	0	391	0	0	0	0	0	0	0	0	0	0	0	2	0	432	25	0	0	0
order	Main genome;Bacteria;Bacteria (superkingdom);Proteobacteria superphylum;Proteobacteria;Alphaproteobacteria;Sneathiellales	Sneathiellales	0	0	0	0	0	0	0	0	0	0	0	0	0	0	0	0	0	0	0	0	0	0	0	0	0	0	0	0	0	0	0	0	0	0	0	0	0	0	0	0	0	0	0	0	0	0	0	0	0	0	0	0	0	0	0	0	0	0	0	0	0	0	0	0	0	0	0	0	0	0	0	0	0	0	0	0	0	0	0	0	0	0	0	0	0	0	0	0	0	0	0	0	0	0	0	0	0	0	0	0	0	0	0	0	0	0	0	0	0	0	0	0	0	0	0	0	0	0	0	0	0	0	0	0	0	0	0	0	0	0	0	0	0	0	0	0	0	0	0	0	0	0	0	0	0	0	0	0	0
order	Main genome;Bacteria;Bacteria (superkingdom);Proteobacteria superphylum;Proteobacteria;Alphaproteobacteria;Tistrellales	Tistrellales	0	0	0	0	0	0	0	0	0	0	0	0	0	0	0	0	0	0	0	0	0	0	0	0	0	0	0	0	0	0	0	0	0	0	0	0	0	0	0	0	0	0	0	0	0	0	0	0	0	0	0	0	0	0	0	0	0	0	0	0	0	0	0	0	0	0	0	0	0	0	0	0	0	0	0	0	0	0	0	0	0	0	0	0	0	0	0	0	0	0	0	0	0	0	0	0	0	0	0	0	0	0	0	0	0	0	0	0	0	0	0	0	0	0	0	0	0	0	0	0	0	0	0	0	0	0	0	0	0	0	0	0	0	0	0	0	0	0	0	0	0	0	0	0	0	0	0	0	0
order	Main genome;Bacteria;Bacteria (superkingdom);Proteobacteria superphylum;Proteobacteria;Alphaproteobacteria;Caedibacterales	Caedibacterales	0	0	0	0	0	0	0	0	0	0	0	0	0	0	0	0	0	0	0	0	0	0	0	0	0	0	0	0	0	0	0	0	0	0	0	0	0	0	0	0	0	0	0	0	0	0	0	0	0	0	0	0	0	0	0	0	0	0	0	0	0	0	0	0	0	0	0	0	0	0	0	0	0	0	0	0	0	0	0	0	0	0	0	0	0	0	0	0	0	0	0	0	0	0	0	0	0	0	0	0	0	0	0	0	0	0	0	0	0	0	0	0	0	0	0	0	0	0	0	0	0	0	0	0	0	0	0	0	0	0	0	0	0	0	0	0	0	0	0	0	0	0	0	0	0	0	0	0	0
order	Main genome;Bacteria;Bacteria (superkingdom);Proteobacteria superphylum;Proteobacteria;Alphaproteobacteria;Parvibaculales	Parvibaculales	0	0	0	0	0	0	0	0	0	0	0	0	0	0	0	0	0	0	0	0	0	0	0	0	0	0	0	0	0	0	0	0	0	0	0	0	0	0	0	0	0	0	0	0	0	0	0	0	0	0	0	0	0	0	0	0	0	0	0	0	0	0	0	0	0	0	0	0	0	0	0	0	0	0	0	0	0	0	0	0	0	0	0	0	0	0	0	0	0	0	0	0	0	0	0	0	0	0	0	0	0	0	0	0	0	0	0	0	0	0	0	0	0	0	0	0	0	0	0	0	0	0	0	0	0	0	0	0	0	0	0	0	0	0	0	0	0	0	0	0	0	0	0	0	0	0	0	0	0
order	Main genome;Bacteria;Bacteria (superkingdom);Proteobacteria superphylum;Proteobacteria;Alphaproteobacteria;Defluviicoccales	Defluviicoccales	1753	1627	2340	2565	1747	2804	1788	29	38	125	75	42	2	0	1680	872	508	578	998	354	1282	557	55	74	9	4	204	1764	1386	1527	844	1055	535	1087	905	262	232	423	55	92	405	1702	1901	859	425	139	716	16	205	15	252	152	52	105	260	47	7	10	50	8	0	46	531	0	0	13	40	906	549	462	909	1425	451	3	0	104	0	1479	2084	1269	1557	1303	2422	136	96	83	2	76	20	1792	2645	550	0	1707	1559	135	214	2614	2157	171	604	2118	1890	618	416	3573	2248	311	213	2263	2042	594	10	2699	2416	2863	3267	1514	1793	4216	3550	6894	3670	4866	4375	303	539	612	261	575	1256	756	637	479	1461	1548	1211	621	3778	2053	5935	1074	3787	2358	3373	2213	2873	511	2106
order	Main genome;Bacteria;Bacteria (superkingdom);Proteobacteria superphylum;Proteobacteria;Alphaproteobacteria;Micavibrionales	Micavibrionales	0	0	0	0	0	0	0	0	0	0	0	0	0	0	179	1	34	95	62	64	71	109	1	0	0	0	1	0	0	0	0	0	0	0	2	0	0	0	0	0	0	0	0	0	0	0	0	0	0	0	0	0	0	0	0	0	0	0	0	0	0	0	0	0	0	0	0	0	0	0	0	0	0	0	0	0	0	0	5	0	0	0	0	0	0	0	0	0	0	0	0	0	0	0	0	0	0	0	0	0	0	0	0	0	0	0	0	0	0	0	0	0	0	0	298	0	0	0	0	0	0	0	0	0	0	179	523	0	0	0	0	0	182	0	0	0	0	0	0	0	0	0	0	0	0	0	0	0	0
order	Main genome;Bacteria;Bacteria (superkingdom);Proteobacteria superphylum;Proteobacteria;Alphaproteobacteria;Kordiimonadales	Kordiimonadales	0	0	0	0	0	0	0	0	0	0	0	0	0	0	0	0	0	0	0	0	0	0	0	0	0	0	0	0	0	0	0	0	0	0	0	0	0	0	0	0	0	0	0	0	0	0	0	2	75	0	0	12	8	43	0	2	0	0	0	0	0	0	0	2	0	0	3	0	0	0	0	0	0	0	0	0	0	0	0	0	0	0	0	0	0	0	0	0	0	0	0	0	0	0	0	0	0	0	0	0	0	0	0	0	0	0	0	0	0	0	0	0	0	0	0	0	0	0	0	0	0	0	92	0	0	0	0	0	0	0	0	0	0	0	0	0	0	0	0	0	0	0	0	0	0	0	0	0	0
order	Main genome;Bacteria;Bacteria (superkingdom);Proteobacteria superphylum;Proteobacteria;Alphaproteobacteria;AT-s3-44	AT-s3-44	4	0	0	0	0	0	0	0	0	0	0	0	0	0	0	0	0	0	0	0	0	0	0	0	0	2	0	0	0	0	0	0	0	0	0	0	0	0	0	0	0	0	0	0	0	0	0	0	0	0	0	0	0	0	0	0	0	0	0	0	0	0	0	0	0	0	0	0	0	0	0	0	0	0	0	0	0	36	99	65	14	25	30	12	6	4	1	50	2	0	0	0	0	37	115	7	38	414	332	121	145	1650	1162	290	339	2287	1500	6	7	1245	1173	22	32	2059	1678	1585	2385	578	454	372	85	297	148	208	277	186	28	46	0	106	8	566	453	6	532	16	68	383	2882	1033	3683	42	2040	142	0	0	50	34	361
order	Main genome;Bacteria;Bacteria (superkingdom);Proteobacteria superphylum;Desulfobacterota;Desulfobulbia;Desulfobulbales	Desulfobulbales	19	35	9	9	9	28	0	0	0	0	0	0	0	0	0	0	0	0	0	0	0	0	0	0	0	0	0	0	0	0	0	0	0	0	0	0	0	0	0	0	0	0	0	0	0	0	0	0	0	0	0	0	0	0	0	0	0	0	0	0	0	0	57	0	0	0	0	10	0	1	0	8	0	0	0	0	0	0	7	4	0	0	28	0	0	0	0	0	0	7	16	0	0	12	7	0	0	0	6	0	0	0	0	0	0	0	1	0	0	0	0	0	0	0	0	0	0	0	0	0	2	3	1	0	0	0	0	0	0	0	0	0	0	0	0	0	0	0	0	0	0	0	0	0	26	0	17	0	0
order	Main genome;Bacteria;Bacteria (superkingdom);Proteobacteria superphylum;Desulfobacterota;Desulfovibrionia;Desulfovibrionales	Desulfovibrionales	0	0	0	0	0	0	0	0	0	0	0	0	0	0	0	0	0	0	0	0	0	0	0	0	0	0	0	0	0	0	0	0	0	0	0	0	0	0	0	0	0	0	0	0	0	0	0	0	0	0	0	0	0	0	0	0	0	0	0	0	0	0	0	0	0	0	0	0	0	0	0	0	0	0	0	0	0	0	0	0	0	0	0	0	0	0	0	0	0	0	0	0	0	0	0	0	0	0	0	0	0	0	0	0	0	0	0	0	0	0	0	0	0	0	0	0	0	0	0	0	0	0	0	0	0	0	0	0	0	0	0	0	0	0	0	0	0	0	0	0	0	0	0	0	0	0	0	0	0
order	Main genome;Bacteria;Bacteria (superkingdom);Proteobacteria superphylum;Desulfobacterota;Syntrophobacteria;Syntrophobacterales	Syntrophobacterales	0	0	0	0	0	0	0	0	0	0	0	0	0	0	0	0	0	0	0	0	0	0	0	0	0	0	0	0	0	0	0	0	0	0	0	0	0	0	0	0	0	0	0	0	0	0	0	0	0	0	0	0	0	0	0	0	0	0	0	0	0	0	26	0	0	0	0	0	0	0	0	0	0	0	0	0	0	1	0	0	9	0	0	0	0	0	0	0	0	0	0	0	0	0	0	0	0	0	0	0	0	0	0	0	0	0	0	0	0	0	0	0	0	0	0	0	0	65	0	34	5	0	0	0	1	0	0	0	0	0	0	0	0	0	0	0	0	0	0	0	0	0	0	0	0	0	0	0	0
order	Main genome;Bacteria;Bacteria (superkingdom);Proteobacteria superphylum;Desulfobacterota;Desulfuromonadia;Desulfuromonadales	Desulfuromonadales	1	20	2	0	0	0	0	0	0	0	0	0	0	0	0	0	0	0	0	0	0	0	0	0	0	0	0	0	0	0	0	0	0	0	0	0	0	0	0	0	0	0	0	0	0	0	0	0	0	0	0	0	0	0	0	0	0	0	0	0	0	0	120	233	0	0	0	0	0	20	20	26	0	0	0	0	0	185	241	125	186	128	197	0	0	6	2	0	0	9	12	1	0	2	3	0	0	0	0	0	0	0	0	0	0	0	0	0	0	0	0	0	0	0	0	0	9	0	2	66	533	223	104	174	65	0	0	0	0	0	0	0	16	40	2	13	1	0	0	0	0	0	0	0	13	8	15	0	0
order	Main genome;Bacteria;Bacteria (superkingdom);Proteobacteria superphylum;Desulfobacterota;Desulfuromonadia;Bradymonadales	Bradymonadales	85	115	223	185	153	105	53	0	0	0	0	2	0	0	0	34	6	0	14	0	29	2	0	72	0	0	0	67	203	173	77	217	71	107	74	0	0	0	0	0	0	2	13	23	0	0	0	0	0	0	0	0	0	0	0	0	0	0	0	0	0	0	24	0	0	0	102	128	55	101	62	284	0	0	0	0	0	8	23	8	8	38	67	0	0	2	0	26	0	73	227	0	0	265	287	0	0	1727	1894	0	0	7	2	0	0	59	54	15	0	77	55	2	0	30	28	278	200	412	135	387	318	71	19	29	44	0	7	0	0	13	75	1151	34	139	0	0	89	0	3	0	79	29	143	10	116	0	391	0	1680
order	Main genome;Bacteria;Bacteria (superkingdom);Proteobacteria superphylum;Desulfobacterota;Desulfuromonadia;PB19	PB19	424	904	1403	1500	953	324	1274	39	78	83	20	21	30	63	128	25	15	118	85	28	14	14	0	0	0	0	57	227	200	241	139	179	221	271	358	3	86	1	3	1	0	111	71	36	0	0	0	0	0	0	0	64	0	172	133	0	0	0	0	0	0	0	865	177	95	1	0	1116	544	915	770	1012	3	11	36	21	10	1647	2519	1218	1293	1195	2113	29	20	27	27	7	11	656	1374	3	43	1243	1150	7	3	1465	1495	5	2	1413	1190	7	5	840	698	28	8	591	350	5	4	491	733	829	971	1008	1778	1466	1881	1399	1012	1200	1282	373	246	56	101	225	451	1	2	40	124	326	107	20	2543	42	1482	87	967	15	1175	31	1996	12	1044
order	Main genome;Bacteria;Bacteria (superkingdom);Proteobacteria superphylum;Myxococcota;Myxococcia;Myxococcales	Myxococcales	0	0	0	0	0	0	0	0	0	0	0	0	0	0	0	0	0	0	0	0	0	0	0	0	0	0	0	0	0	0	0	0	0	0	0	0	0	0	0	0	0	0	0	0	0	0	0	0	0	0	0	0	0	0	0	0	0	0	0	0	0	0	0	0	0	0	0	1	0	0	0	0	0	0	0	0	0	0	0	0	0	0	0	0	0	0	0	0	0	0	0	0	0	0	9	0	0	93	128	0	0	226	59	2	1	26	45	0	0	152	124	1	0	731	395	749	1235	946	1158	254	127	0	0	41	0	311	13	0	14	40	0	0	0	0	0	0	0	0	408	2	45	4	255	1	0	0	0	0	93
order	Main genome;Bacteria;Bacteria (superkingdom);Proteobacteria superphylum;Myxococcota;Polyangia;Haliangiales	Haliangiales	0	0	0	0	0	0	0	0	0	0	0	0	0	0	0	0	0	0	0	0	0	0	0	0	0	0	0	0	0	0	0	0	0	0	0	0	0	0	0	0	0	0	0	0	0	0	0	0	0	0	0	0	0	0	0	0	0	0	0	0	0	0	0	0	0	0	0	0	0	0	0	0	0	0	0	0	0	0	0	0	0	0	0	0	0	0	0	0	0	0	0	0	0	0	0	0	0	0	0	0	0	0	0	0	0	0	0	0	0	0	0	0	0	0	0	0	0	0	0	0	0	0	0	0	0	0	0	0	0	0	0	0	0	0	0	0	0	0	0	0	0	0	0	0	0	0	0	0	0
order	Main genome;Bacteria;Bacteria (superkingdom);Proteobacteria superphylum;Myxococcota;Polyangia;Nannocystales	Nannocystales	0	0	0	54	6	1	0	0	0	0	0	0	0	0	0	0	33	39	0	0	0	0	0	0	0	0	0	0	0	0	0	0	0	0	0	0	0	0	0	0	0	0	0	0	0	0	0	0	0	0	0	0	0	0	0	0	0	0	0	0	0	0	0	0	0	0	0	2	0	0	6	0	0	0	0	0	0	0	0	0	0	0	3	0	0	0	0	0	0	0	0	0	0	0	0	0	0	1	8	0	0	45	4	1	0	13	5	0	0	2	4	0	0	3	0	0	0	32	187	68	5	0	0	0	1	0	0	0	0	0	0	0	0	0	0	0	0	0	95	1	21	0	2	0	0	0	0	0	0
order	Main genome;Bacteria;Bacteria (superkingdom);Proteobacteria superphylum;Myxococcota;Polyangia;Polyangiales	Polyangiales	0	0	0	0	0	0	0	0	0	0	0	0	0	0	0	0	0	0	0	0	0	0	0	0	0	0	0	0	0	0	0	0	0	0	0	0	0	0	0	0	0	0	0	0	0	0	0	0	0	0	0	0	0	0	0	0	0	0	0	0	0	0	0	0	0	0	0	0	0	0	0	0	0	0	0	0	0	0	0	0	0	0	0	0	0	0	0	0	0	0	0	0	0	1	0	0	0	0	0	0	0	0	0	0	0	4	19	0	0	7	65	0	0	13	34	50	143	114	124	0	0	0	0	0	0	0	0	0	0	0	0	0	0	0	0	0	0	0	0	0	1	0	10	0	0	0	1	0	0
order	Main genome;Bacteria;Bacteria (superkingdom);Proteobacteria superphylum;Myxococcota;Polyangia;Blfdi19	Blfdi19	0	0	0	0	0	1	15	0	0	0	0	0	0	0	0	0	0	0	0	0	0	0	0	0	0	0	0	0	0	0	0	0	0	0	0	0	0	0	0	0	0	0	13	0	0	0	0	0	0	0	0	0	0	0	0	0	0	0	0	0	0	0	17	0	0	0	0	6	1	0	1	0	0	0	0	0	0	167	258	158	121	147	352	0	3	3	0	0	0	14	0	0	0	175	27	0	0	185	131	0	0	50	8	0	0	202	128	0	5	99	73	2	60	44	129	89	467	96	92	276	407	436	250	350	249	37	60	30	200	0	0	142	0	2	0	11	7	0	88	0	261	5	160	10	23	0	251	0	161
order	Main genome;Bacteria;Bacteria (superkingdom);Proteobacteria superphylum;Myxococcota;Polyangia;VHS-B3-70	VHS-B3-70	0	0	0	0	0	0	0	0	0	0	0	0	0	0	0	0	0	0	0	0	0	0	0	0	0	0	0	0	0	0	0	0	0	0	0	0	0	0	0	0	0	0	0	0	0	0	0	0	0	0	0	0	0	0	0	0	0	0	0	0	0	0	0	0	0	0	0	0	0	0	0	0	0	0	0	0	0	0	0	0	0	0	0	0	0	0	0	0	0	0	0	0	0	0	0	0	0	0	52	0	0	190	82	3	0	33	3	0	0	2	23	0	0	0	12	0	0	101	16	2	0	0	0	0	0	0	0	0	0	0	0	0	0	0	0	0	0	0	293	9	36	0	12	0	0	0	0	0	0
order	Main genome;Bacteria;Bacteria (superkingdom);Proteobacteria superphylum;Bdellovibrionota;Bdellovibrionia;Bacteriovoracales	Bacteriovoracales	33	50	60	57	15	54	14	14	0	0	0	0	0	0	0	61	12	0	12	0	53	0	0	49	0	0	0	25	3	56	1	1	0	1	0	11	29	68	2	0	0	0	0	0	0	0	0	0	0	0	0	0	0	0	0	0	0	0	0	0	0	0	0	0	0	0	0	47	4	41	9	36	0	0	159	120	127	82	0	0	12	6	2	48	37	7	17	1	29	23	30	44	0	1	33	11	4	219	6	0	0	26	0	0	0	0	0	0	0	0	0	0	0	0	0	0	0	0	0	0	47	56	1	0	6	0	134	0	131	0	0	0	1	52	0	7	51	0	56	0	0	0	0	0	50	168	0	28	146
order	Main genome;Bacteria;Bacteria (superkingdom);Proteobacteria superphylum;Bdellovibrionota;Bdellovibrionia;Bdellovibrionales	Bdellovibrionales	9	1	0	0	0	16	0	0	0	0	0	0	0	0	24	95	36	31	14	7	2	41	0	0	2	0	34	87	68	77	85	82	61	94	94	0	0	0	0	0	0	15	27	3	0	0	0	0	0	0	0	0	0	56	26	0	0	0	0	0	0	0	346	0	140	0	0	5	0	0	8	0	0	0	0	0	0	41	17	71	22	27	0	0	0	53	0	0	0	0	1	0	3	0	0	0	0	154	7	0	0	4	31	4	35	57	76	0	0	7	3	1	0	34	8	65	78	47	167	311	197	2	11	10	11	0	0	0	0	0	0	0	0	0	0	0	0	0	4	13	116	0	1	12	3	0	0	0	112
order	Main genome;Bacteria;Bacteria (superkingdom);Proteobacteria superphylum;Bdellovibrionota;Oligoflexia;Oligoflexales	Oligoflexales	28	158	114	22	9	41	45	53	2	7	3	0	0	28	0	0	8	0	0	0	0	1	10	0	0	0	31	0	0	0	0	0	0	0	0	0	0	0	0	0	0	0	0	0	0	0	0	0	0	0	0	0	0	0	0	0	0	0	0	0	0	0	27	0	0	0	0	108	121	4	17	58	91	31	17	3	0	259	148	310	124	227	312	134	60	144	88	163	64	23	22	36	25	185	112	119	79	457	180	490	257	504	364	235	220	511	258	57	23	431	463	120	16	474	853	922	902	466	506	292	463	706	556	339	360	699	1209	975	977	1521	1548	1202	1043	540	174	372	309	1722	1017	781	925	265	747	495	38	152	308	468	360
order	Main genome;Bacteria;Bacteria (superkingdom);Proteobacteria superphylum;Bdellovibrionota;Oligoflexia;053A03-B-DI-P58	053A03-B-DI-P58	42	91	66	46	7	13	41	0	0	0	0	0	0	0	0	0	0	0	0	0	0	0	0	0	0	0	0	0	0	0	1	0	0	0	0	0	0	0	0	0	0	0	0	0	0	0	0	0	0	0	0	0	0	0	0	0	0	0	0	0	0	0	0	0	0	0	0	6	4	39	56	48	0	0	0	0	0	0	0	0	0	0	0	0	0	0	0	0	0	23	87	0	0	0	13	0	0	0	0	0	0	0	0	0	0	57	11	0	0	51	4	0	0	28	173	79	6	1	2	3	0	0	0	0	0	17	0	0	0	0	0	0	0	0	0	0	0	0	0	0	102	0	80	0	44	0	0	0	0
order	Main genome;Bacteria;Bacteria (superkingdom);Terrabacteria;Firmicutes;Bacilli;Bacillales	Bacillales	0	0	0	0	0	0	0	0	0	0	0	0	0	0	0	0	8	0	1	6	3	65	0	0	0	0	1	0	0	0	0	0	22	0	0	0	0	0	0	0	0	0	0	0	0	0	0	0	0	0	0	0	0	0	0	0	0	0	0	0	0	0	0	0	0	0	0	0	0	0	0	0	0	0	0	0	0	0	0	0	0	0	0	0	0	0	0	0	0	0	0	0	0	0	0	0	0	0	0	0	0	0	0	0	0	0	0	0	0	0	0	0	0	0	0	0	0	0	0	0	0	0	0	0	0	0	0	0	0	0	0	0	0	0	0	0	0	0	0	0	0	0	0	0	0	0	0	0	0
order	Main genome;Bacteria;Bacteria (superkingdom);Terrabacteria;Firmicutes;Bacilli;Lactobacillales	Lactobacillales	0	0	0	0	0	0	0	0	0	0	0	0	0	0	0	0	0	0	0	0	0	0	0	0	0	0	0	0	0	0	0	0	0	0	0	0	0	0	0	0	0	0	0	0	0	0	0	0	0	0	0	0	0	12	0	0	0	60	0	7	0	0	0	0	0	0	0	0	0	0	0	0	0	0	0	0	0	0	0	0	0	0	0	0	0	0	0	0	0	0	10	0	0	0	0	0	0	0	0	0	0	0	0	0	0	0	0	0	0	0	0	0	0	0	0	0	0	0	0	0	0	48	0	0	0	0	0	24	36	0	0	0	0	0	0	0	0	0	0	0	0	0	0	0	0	0	0	0	0
order	Main genome;Bacteria;Bacteria (superkingdom);Terrabacteria;Firmicutes;Bacilli;Staphylococcales	Staphylococcales	0	0	0	0	0	0	0	0	0	0	0	0	0	0	0	0	0	0	0	0	0	0	0	0	0	0	0	0	0	0	0	0	0	0	0	0	0	0	0	0	0	0	0	0	0	0	0	0	0	0	0	0	0	0	0	0	0	0	0	0	0	0	0	0	0	0	0	0	0	0	0	0	0	0	0	0	0	0	0	0	0	0	0	0	0	0	0	0	0	0	0	0	0	0	0	0	0	0	0	0	0	0	0	0	0	0	0	0	0	0	0	0	0	0	0	0	0	0	0	0	0	0	0	0	0	0	0	0	0	0	0	0	0	0	0	0	0	0	0	0	0	0	0	0	0	0	0	0	0
order	Main genome;Bacteria;Bacteria (superkingdom);Terrabacteria;Firmicutes;Bacilli;Paenibacillales	Paenibacillales	0	0	0	0	0	0	0	0	0	0	0	0	0	0	0	0	0	0	0	0	0	0	0	0	0	0	0	0	0	0	0	0	0	0	0	0	0	0	0	0	0	0	0	0	0	0	0	0	0	0	0	0	0	0	0	0	0	0	0	0	0	0	0	0	0	0	0	0	0	0	0	0	0	0	0	0	0	0	0	0	0	0	0	0	0	0	0	0	0	0	0	0	0	0	0	0	0	0	0	0	0	0	0	0	0	0	0	0	0	0	0	0	0	0	0	0	0	0	0	0	0	0	0	0	0	0	0	0	0	0	0	0	0	0	0	0	0	0	0	0	0	0	0	0	0	0	0	0	0
order	Main genome;Bacteria;Bacteria (superkingdom);Terrabacteria;Firmicutes;Bacilli;Brevibacillales	Brevibacillales	0	0	0	0	0	0	0	0	0	0	0	0	0	0	0	0	0	0	0	0	0	0	0	0	0	0	0	0	0	0	0	0	0	0	0	0	0	0	0	0	0	0	0	0	0	0	0	0	0	0	0	0	0	0	0	0	0	0	0	0	0	0	0	0	0	0	0	0	0	0	0	0	0	0	0	0	0	0	0	0	0	0	0	0	0	0	0	0	0	0	0	0	0	0	0	0	0	0	0	0	0	0	0	0	0	0	0	0	0	0	0	0	0	0	0	0	0	0	0	0	0	0	0	0	0	0	0	0	0	0	0	0	0	0	0	0	0	0	0	0	0	0	0	0	0	0	0	0	0
order	Main genome;Bacteria;Bacteria (superkingdom);Terrabacteria;Firmicutes;Bacilli;Erysipelotrichales	Erysipelotrichales	0	0	0	0	0	0	0	0	0	0	0	0	0	0	0	0	0	0	0	0	0	0	0	0	0	0	0	0	0	0	0	0	0	0	0	0	0	0	0	0	0	0	0	0	0	0	0	0	0	0	0	0	0	0	0	0	0	0	0	0	0	0	0	0	0	0	0	0	0	0	0	0	0	0	0	0	0	0	0	0	0	0	0	0	0	0	0	0	0	0	0	0	0	0	0	0	0	0	0	0	0	0	0	0	0	0	0	0	0	0	0	0	0	0	0	0	0	0	0	0	0	0	0	0	0	0	0	0	0	0	0	0	0	0	0	0	0	0	0	0	0	0	0	0	0	0	0	0	0
order	Main genome;Bacteria;Bacteria (superkingdom);Terrabacteria;Firmicutes;Clostridia;Clostridiales	Clostridiales	0	0	0	0	0	0	0	0	0	0	0	0	0	0	0	0	0	0	0	0	0	0	0	0	0	0	0	0	0	0	0	0	0	0	0	0	0	0	0	0	0	0	0	0	0	0	0	0	0	0	0	0	0	0	0	0	0	0	0	0	0	0	0	0	0	0	0	0	0	0	0	0	0	0	0	0	0	0	0	0	0	0	0	0	0	0	0	0	0	0	0	0	0	0	0	0	0	0	0	0	0	0	0	0	0	0	0	0	0	0	0	0	0	0	0	0	0	0	0	0	0	0	0	0	0	0	0	0	0	0	0	0	0	0	0	0	0	0	0	0	0	0	0	0	0	0	0	0	0
order	Main genome;Bacteria;Bacteria (superkingdom);Terrabacteria;Firmicutes;Clostridia;Oscillospirales	Oscillospirales	0	0	0	0	0	0	0	0	0	0	0	0	0	0	0	0	0	0	0	0	0	0	0	0	0	0	0	0	0	0	0	0	0	0	0	0	0	0	0	0	0	0	0	0	0	0	0	0	0	0	0	0	0	0	0	0	0	0	0	0	0	0	0	0	0	0	0	0	0	0	0	0	0	0	0	0	0	0	0	0	0	0	0	0	0	0	0	0	0	0	0	0	0	0	0	0	0	0	0	0	0	0	0	0	0	0	0	0	0	0	0	0	0	0	0	0	0	0	0	0	0	0	0	0	0	0	0	0	0	0	0	0	0	0	0	0	0	0	0	0	0	0	0	0	0	0	0	0	0
order	Main genome;Bacteria;Bacteria (superkingdom);Terrabacteria;Firmicutes;Clostridia;Peptostreptococcales-Tissierellales	Peptostreptococcales-Tissierellales	0	0	0	0	0	0	0	0	0	0	0	0	0	0	0	0	0	0	0	0	0	0	0	0	0	0	0	0	0	0	0	0	0	0	0	0	0	0	0	0	0	0	0	0	0	0	0	0	0	0	0	0	0	0	0	0	0	0	0	0	0	0	0	0	0	0	0	0	0	0	0	0	0	0	0	0	0	0	0	0	0	0	0	0	0	0	0	0	0	0	0	0	0	0	0	0	0	0	0	0	0	0	0	0	0	0	0	0	0	0	0	0	0	0	0	0	0	0	0	0	0	0	0	0	0	0	0	0	0	0	0	0	0	0	0	0	0	0	0	0	0	0	0	0	0	0	0	0	0
order	Main genome;Bacteria;Bacteria (superkingdom);Terrabacteria;Firmicutes;Clostridia;Lachnospirales	Lachnospirales	0	0	0	0	0	0	0	0	0	0	0	0	0	0	0	1	0	73	0	2	0	0	0	0	0	0	0	0	0	0	0	0	0	0	0	0	0	0	0	0	0	0	0	0	0	0	0	0	0	0	0	0	0	0	0	0	0	0	0	0	0	0	0	0	0	0	0	0	0	0	0	0	0	0	0	0	0	0	0	0	0	0	0	0	0	0	0	0	0	0	0	0	0	0	0	0	0	0	0	0	0	0	0	0	0	0	0	0	0	0	0	0	0	0	0	0	0	0	0	0	0	0	0	0	0	0	0	0	0	0	0	0	0	0	0	0	0	0	0	0	0	0	0	0	0	0	0	0	0
order	Main genome;Bacteria;Bacteria (superkingdom);Terrabacteria;Firmicutes;Negativicutes;Veillonellales-Selenomonadales	Veillonellales-Selenomonadales	0	0	0	0	0	0	0	0	0	0	0	0	0	0	0	0	0	0	0	0	0	0	0	0	0	0	0	0	0	0	0	0	0	0	0	0	0	0	0	0	0	0	0	0	0	0	0	0	0	0	0	0	0	0	0	0	0	0	0	0	0	0	0	0	0	0	0	0	0	0	0	0	0	0	0	0	0	0	0	0	0	0	0	0	0	0	0	0	0	0	0	0	0	0	0	0	0	0	0	0	0	0	0	0	0	0	0	0	0	0	0	0	0	0	0	0	0	0	0	0	0	0	0	0	0	0	0	0	0	0	0	0	0	0	0	0	0	0	0	0	0	0	0	0	0	0	0	0	0
order	Main genome;Bacteria;Bacteria (superkingdom);Terrabacteria;Cyanobacteria;Cyanobacteriia;Cyanobacteriales	Cyanobacteriales	0	0	0	0	0	0	0	0	0	0	0	0	0	0	0	0	0	0	0	0	0	0	0	0	0	0	0	0	0	0	0	0	0	0	0	0	0	0	0	0	0	0	0	0	0	0	0	0	0	0	0	0	0	0	0	0	0	0	0	0	0	0	0	0	0	0	0	0	0	0	0	0	0	0	0	0	0	0	0	0	0	0	0	0	0	0	0	0	0	0	0	0	0	0	0	0	0	0	0	0	0	0	0	0	0	0	0	0	0	0	0	0	0	0	0	0	0	0	0	0	0	0	0	0	0	0	0	0	0	0	0	0	0	0	0	0	0	0	0	0	0	0	0	0	0	0	0	0	0
order	Main genome;Bacteria;Bacteria (superkingdom);Terrabacteria;Cyanobacteria;Cyanobacteriia;Synechococcales	Synechococcales	0	0	0	0	0	0	0	0	0	0	0	0	0	0	0	0	0	0	0	0	0	0	0	0	0	0	0	0	0	0	0	0	0	0	0	0	0	0	0	0	0	0	0	0	0	0	0	0	0	0	0	0	0	0	0	0	0	0	0	0	0	0	0	0	0	0	0	0	0	0	0	0	0	0	0	0	0	0	0	0	0	0	0	0	0	0	0	0	0	0	0	0	0	0	0	0	0	0	0	0	0	0	0	0	0	0	0	0	0	0	0	0	0	0	0	0	0	0	0	0	0	0	0	0	0	0	0	0	0	0	0	0	0	0	0	0	0	0	0	0	0	0	0	0	0	0	0	0	0
order	Main genome;Bacteria;Bacteria (superkingdom);Terrabacteria;Cyanobacteria;Cyanobacteriia;Phormidesmiales	Phormidesmiales	0	0	0	0	0	0	0	0	0	0	0	0	0	0	0	0	0	0	0	2	0	0	0	0	0	0	0	0	0	0	0	0	0	0	0	0	0	0	0	0	0	0	0	0	0	0	0	0	0	0	0	0	0	0	0	0	0	0	0	0	0	0	0	0	0	0	0	0	0	0	0	0	0	0	0	0	0	0	0	0	0	0	0	0	0	0	0	0	0	0	0	0	0	0	0	0	0	0	0	0	0	0	0	0	0	0	0	0	0	0	0	0	0	0	0	0	0	0	0	0	0	0	0	0	0	202	0	0	0	0	0	0	0	0	0	0	0	0	0	0	0	0	0	0	0	0	0	0	0
order	Main genome;Bacteria;Bacteria (superkingdom);Terrabacteria;Cyanobacteria;Vampirivibrionia;Gastranaerophilales	Gastranaerophilales	0	0	0	0	0	0	0	0	0	0	0	0	0	0	0	0	0	0	0	0	0	0	0	0	0	0	0	0	0	0	0	0	0	0	0	0	0	0	0	0	0	0	0	0	0	0	0	0	0	0	0	0	0	0	0	0	0	0	0	0	0	0	0	0	0	0	0	38	0	0	0	0	0	0	0	0	0	0	0	0	0	0	0	0	0	0	0	0	0	0	0	0	0	0	0	0	0	0	0	0	0	0	0	0	0	0	0	0	0	0	0	0	0	0	0	0	0	0	0	0	0	0	0	0	0	0	0	0	0	0	0	0	0	0	0	0	0	0	0	0	0	0	0	0	0	0	0	0	0
order	Main genome;Bacteria;Bacteria (superkingdom);Terrabacteria;Cyanobacteria;Vampirivibrionia;Vampirovibrionales	Vampirovibrionales	0	0	0	0	0	0	0	0	0	0	0	0	0	0	0	0	0	0	0	56	0	3	0	0	0	0	0	0	0	0	0	0	0	0	1	0	0	0	0	0	0	0	0	0	0	0	0	0	0	0	0	0	0	0	0	0	0	0	0	0	0	0	0	0	0	0	0	0	0	0	0	0	0	0	0	0	0	0	0	0	0	0	0	0	0	0	0	0	0	0	0	0	0	0	0	0	0	0	0	0	0	0	0	0	0	0	0	0	0	0	0	0	0	0	0	0	0	0	0	0	0	0	0	0	0	0	0	0	0	0	0	0	0	0	0	0	0	0	0	0	0	0	0	0	0	0	0	0	0
order	Main genome;Bacteria;Bacteria (superkingdom);Terrabacteria;Cyanobacteria;Vampirivibrionia;Obscuribacterales	Obscuribacterales	0	0	0	0	0	0	0	0	0	0	0	0	0	0	0	0	0	0	0	0	0	0	0	0	0	0	0	0	0	0	0	0	0	0	0	0	0	0	0	0	0	0	0	0	0	0	0	0	0	0	0	0	0	0	0	0	0	0	0	0	0	0	0	0	0	0	0	0	0	0	0	0	0	0	0	0	0	0	0	0	0	0	0	0	0	0	0	0	0	0	0	0	0	0	0	0	0	0	0	0	0	0	0	0	0	0	0	0	0	0	0	0	0	0	0	0	0	0	0	0	0	0	0	0	0	0	0	0	0	0	0	0	0	0	0	0	0	0	0	0	0	0	0	0	0	0	0	0	0
order	Main genome;Bacteria;Bacteria (superkingdom);Terrabacteria;Actinobacteriota;Actinobacteria;Corynebacteriales	Corynebacteriales	0	0	0	0	0	0	0	0	0	0	0	0	0	0	0	0	0	0	0	0	0	0	0	0	0	0	0	0	0	0	0	0	0	0	0	0	0	0	0	0	0	0	0	0	0	0	0	0	0	0	0	0	0	0	0	0	0	0	0	0	0	0	0	0	0	0	0	0	0	0	0	0	0	0	0	0	0	0	0	0	0	0	0	0	0	0	0	0	0	0	0	0	0	0	0	0	0	0	0	0	0	0	0	0	0	0	0	0	0	0	0	0	0	0	0	0	0	0	0	0	0	0	0	0	0	0	0	0	0	0	0	0	0	0	0	0	0	0	0	0	0	0	0	0	0	0	0	0	0
order	Main genome;Bacteria;Bacteria (superkingdom);Terrabacteria;Actinobacteriota;Actinobacteria;Micrococcales	Micrococcales	0	0	0	0	0	0	0	0	0	0	0	0	0	0	0	0	0	0	0	0	2	26	0	35	0	0	0	0	0	0	0	0	0	0	0	0	0	0	0	0	0	0	0	0	0	0	0	0	0	0	0	0	0	0	0	0	0	0	0	0	0	0	0	0	0	0	0	0	0	0	0	0	0	0	0	0	0	0	0	0	0	0	0	0	0	0	0	0	0	0	0	0	0	0	0	0	0	0	0	0	0	0	0	0	0	0	0	0	0	0	0	0	0	0	0	0	0	0	0	0	0	0	0	0	0	0	0	0	0	0	0	0	0	0	0	0	0	0	0	0	0	0	0	0	0	0	0	0	0
order	Main genome;Bacteria;Bacteria (superkingdom);Terrabacteria;Actinobacteriota;Actinobacteria;Propionibacteriales	Propionibacteriales	0	0	0	0	0	0	0	0	0	0	0	0	0	0	0	0	0	0	0	0	0	0	0	0	0	0	0	0	0	0	0	0	0	0	0	0	0	0	0	0	0	0	0	0	0	0	0	0	0	0	0	0	0	0	0	0	0	0	0	0	0	0	0	0	0	0	0	0	0	0	0	0	0	0	0	0	0	0	0	0	0	0	0	0	0	0	0	0	0	0	0	0	0	0	0	0	0	0	0	0	0	0	0	0	0	0	0	0	0	0	0	0	0	0	0	0	0	0	0	0	0	0	0	0	0	0	0	0	0	0	0	0	0	0	0	0	0	0	0	0	0	0	0	0	0	0	0	0	0
order	Main genome;Bacteria;Bacteria (superkingdom);Terrabacteria;Actinobacteriota;Actinobacteria;PeM15	PeM15	157	172	428	288	267	611	310	0	0	8	9	19	0	54	85	63	83	72	176	152	11	198	4	14	0	0	4	1735	1862	2722	2602	3074	3016	2333	2468	788	316	941	109	320	215	205	577	397	67	105	348	372	1682	54	82	171	324	62	479	597	603	14	61	38	0	4	0	0	0	2	20	241	228	178	130	228	61	0	5	14	0	135	157	73	65	43	126	23	0	19	0	3	5	187	225	200	6	133	287	23	27	41	64	8	50	0	0	3	0	2	0	1	0	0	0	0	0	0	0	0	0	0	0	103	272	41	156	156	142	119	106	0	158	41	4	15	171	260	34	85	15	24	0	6	0	0	0	0	320	828	229	110	39
order	Main genome;Bacteria;Bacteria (superkingdom);Terrabacteria;Actinobacteriota;Actinobacteria;Nitriliruptorales	Nitriliruptorales	0	0	0	0	0	0	0	0	0	0	0	0	0	0	0	0	0	0	0	0	0	0	0	0	0	0	0	0	0	0	0	0	0	0	0	0	0	0	0	0	0	0	0	0	0	0	0	0	0	0	0	0	0	0	0	0	0	0	0	0	0	0	0	0	0	0	0	0	0	0	0	0	0	0	0	0	0	0	0	0	0	0	0	0	0	0	0	0	0	0	0	0	0	0	0	0	0	0	0	0	0	0	0	0	0	0	0	0	0	0	0	0	0	0	0	0	0	0	0	0	0	0	0	0	0	0	0	0	0	0	0	0	0	0	0	0	0	0	0	0	0	0	0	0	0	0	0	0	0
order	Main genome;Bacteria;Bacteria (superkingdom);Terrabacteria;Actinobacteriota;Coriobacteriia;CG2-30-50-142	CG2-30-50-142	0	0	0	0	0	0	0	0	0	0	0	0	0	0	0	0	0	0	0	0	0	0	0	0	0	0	0	0	0	0	0	0	0	0	0	0	0	0	0	0	0	0	0	0	0	0	0	0	0	0	0	0	0	0	0	0	0	0	0	0	0	0	0	0	0	0	0	0	0	0	0	0	0	0	0	0	0	0	0	0	0	0	0	0	0	0	0	0	0	0	0	0	0	0	0	0	0	0	0	0	0	0	0	0	0	0	0	0	0	0	0	0	0	90	0	0	0	0	0	0	0	0	0	0	0	0	0	0	0	0	0	0	0	0	0	0	0	0	0	0	0	0	0	0	0	0	0	0	0
order	Main genome;Bacteria;Bacteria (superkingdom);Terrabacteria;Actinobacteriota;Acidimicrobiia;Microtrichales	Microtrichales	0	0	0	0	0	0	0	0	0	0	0	0	0	0	0	0	0	0	0	0	0	0	0	0	0	0	0	0	0	0	0	0	0	0	0	0	0	0	0	0	0	0	0	0	0	0	0	0	0	0	0	0	0	0	0	0	0	0	0	0	0	0	0	0	0	0	0	0	0	0	0	0	0	0	0	0	0	0	0	0	0	0	0	0	0	0	0	0	0	0	0	0	0	0	0	0	0	0	0	0	0	0	0	0	0	0	0	0	0	0	0	0	0	0	0	0	0	0	0	0	0	0	0	0	0	0	0	0	0	0	0	0	0	0	0	0	0	0	0	0	0	0	0	0	0	0	0	0	0
order	Main genome;Bacteria;Bacteria (superkingdom);Terrabacteria;Actinobacteriota;Acidimicrobiia;Actinomarinales	Actinomarinales	0	0	0	0	0	0	0	0	0	0	0	0	0	0	0	0	0	0	0	0	0	0	0	0	0	0	0	0	0	0	0	0	0	0	0	0	0	0	0	0	0	0	0	0	0	0	0	0	0	0	0	0	0	0	0	0	0	0	0	0	0	0	0	0	0	0	0	0	0	0	0	0	0	0	0	0	0	0	0	0	0	0	0	0	0	0	0	0	0	0	0	0	0	0	0	0	0	0	0	0	0	0	0	0	0	0	0	0	0	0	0	0	0	0	0	0	0	0	0	0	0	0	0	0	0	0	0	0	0	0	0	0	0	0	0	0	0	0	0	0	0	0	0	0	0	0	0	0	0
order	Main genome;Bacteria;Bacteria (superkingdom);Terrabacteria;Actinobacteriota;Thermoleophilia;Gaiellales	Gaiellales	0	0	0	0	0	0	0	0	0	0	0	0	0	0	0	0	0	0	1	10	0	56	0	0	0	0	0	0	0	0	0	0	0	0	0	0	0	0	0	0	0	0	0	0	0	0	0	0	0	0	0	0	0	0	0	0	0	0	0	0	0	0	0	0	0	0	0	0	0	0	0	0	0	0	0	0	0	0	0	0	0	0	0	0	0	0	0	0	0	0	0	0	0	0	0	0	0	0	0	0	0	52	0	0	0	0	3	0	0	4	0	0	0	0	0	0	0	0	25	0	0	0	0	0	0	0	0	0	0	0	0	0	0	0	0	0	0	0	87	0	0	0	4	0	0	0	0	0	0
order	Main genome;Bacteria;Bacteria (superkingdom);Terrabacteria;Chloroflexi;Dehalococcoidia;SAR202 clade	SAR202 clade	1045	1678	1201	841	610	60	424	826	262	741	1158	1117	1728	1147	4	0	2	0	9	23	27	0	7	50	0	2	15	19	113	97	22	1	9	13	3	226	50	264	84	63	160	159	190	76	329	197	128	0	0	0	0	0	0	0	0	0	0	1	11	6	1	0	38	0	1	0	0	224	214	117	51	114	1528	1354	663	881	813	218	332	307	121	280	595	838	981	766	595	472	493	275	755	1153	1300	1816	1881	6293	3266	2483	1644	4436	2356	19010	11843	4592	3562	14604	8251	1108	1150	4370	4838	721	859	5118	4784	7009	12557	3737	6864	8507	692	511	480	459	551	6121	3897	2861	2883	2081	3792	6465	3267	2800	3261	2718	1951	15212	33720	15016	24342	4006	7756	2946	588	4554	3155	24600	2109
order	Main genome;Bacteria;Bacteria (superkingdom);Terrabacteria;Chloroflexi;Dehalococcoidia;S085	S085	0	0	0	0	0	0	0	0	0	0	0	0	0	0	0	0	0	0	0	0	0	0	0	0	0	0	0	0	0	0	0	0	0	0	0	0	0	0	0	0	0	0	0	0	0	0	0	0	0	0	0	0	0	0	0	0	0	0	0	0	0	0	0	0	0	0	0	0	0	0	0	0	0	0	0	0	0	0	0	0	0	0	0	0	0	0	0	0	0	0	0	0	0	0	0	0	0	0	0	0	0	810	359	204	206	405	310	94	76	18	71	28	56	0	0	129	0	0	15	270	0	0	0	0	0	0	48	0	0	0	324	146	212	0	0	0	0	0	1449	627	677	424	24	95	0	0	0	0	0
order	Main genome;Bacteria;Bacteria (superkingdom);Terrabacteria;Chloroflexi;Anaerolineae;Anaerolineales	Anaerolineales	0	0	0	0	0	0	0	0	0	0	0	0	0	0	0	0	0	0	0	0	0	0	0	0	0	0	0	0	0	0	0	0	0	0	0	0	0	0	0	0	0	0	0	0	0	0	0	0	0	0	0	0	0	0	0	0	0	0	0	0	0	0	0	0	0	0	0	0	0	0	0	0	0	0	0	0	0	0	0	0	0	0	0	0	0	0	0	0	0	0	0	0	0	0	0	0	0	0	0	0	0	0	0	0	0	12	0	19	0	0	0	0	0	0	0	0	14	0	4	0	0	0	0	0	0	0	0	0	0	23	0	0	0	0	0	0	0	0	0	0	34	94	0	5	0	0	0	0	0
order	Main genome;Bacteria;Bacteria (superkingdom);Terrabacteria;Chloroflexi;Anaerolineae;SBR1031	SBR1031	0	0	0	0	0	0	0	0	0	0	0	0	0	0	0	0	0	0	0	0	0	0	0	0	0	0	0	0	0	0	0	0	0	0	0	0	0	0	0	0	0	0	0	0	0	0	0	0	0	0	0	0	0	0	0	0	0	0	0	0	0	0	0	0	0	0	0	0	0	0	0	0	0	0	0	0	0	0	0	0	0	0	0	0	0	0	0	0	0	0	0	0	0	0	0	0	0	0	0	0	0	0	0	0	0	0	0	0	0	0	0	0	0	0	0	0	0	0	0	0	0	0	0	0	0	0	0	0	0	0	0	0	0	0	0	0	0	0	0	0	0	0	0	0	0	0	0	0	0
order	Main genome;Bacteria;Bacteria (superkingdom);Terrabacteria;Deinococcota;Deinococci;Deinococcales	Deinococcales	0	0	0	0	0	0	0	0	0	0	0	0	0	0	0	0	0	0	0	0	0	0	0	0	0	0	0	0	0	0	0	0	0	0	0	0	0	0	0	0	0	0	0	0	0	0	0	0	0	0	0	0	0	0	0	0	0	0	0	0	0	0	0	0	0	0	0	0	0	0	0	0	0	0	0	0	0	0	0	0	0	0	0	0	0	0	0	0	0	0	0	0	0	0	0	0	0	0	0	0	0	0	0	0	0	0	0	0	0	0	0	0	0	0	0	0	0	0	0	0	0	0	0	0	0	0	0	0	0	0	0	0	0	0	0	0	0	0	0	0	0	0	0	0	0	0	0	0	0
order	Main genome;Bacteria;Bacteria (superkingdom);Terrabacteria;Saccharimonadia;Saccharimonadales class incertae sedis;Saccharimonadales	Saccharimonadales	0	0	0	0	0	0	0	0	0	0	0	0	0	0	54	0	0	0	0	0	0	0	0	0	0	28	0	0	0	0	0	0	0	0	0	0	0	0	0	0	0	0	0	0	0	0	0	0	0	0	0	0	0	0	0	0	0	0	0	0	0	0	0	0	0	0	22	0	0	0	0	0	0	0	0	0	0	0	0	0	0	0	0	0	0	0	0	0	0	0	0	0	0	0	0	0	0	0	0	0	0	0	0	0	0	0	0	0	0	0	0	0	0	0	0	0	0	0	0	0	0	0	0	0	0	0	0	0	0	0	0	0	0	0	0	0	0	0	0	0	0	0	0	0	0	0	0	0	0
order	Main genome;Bacteria;Bacteria (superkingdom);FCB group;Bacteroidota;Bacteroidia;Flavobacteriales	Flavobacteriales	0	0	0	0	0	0	0	0	0	0	0	0	0	0	66	0	0	0	0	0	0	0	0	0	0	0	0	0	0	0	0	0	0	0	0	0	0	0	0	0	0	0	0	0	0	0	0	0	0	0	0	82	1	0	0	0	0	0	0	0	0	6	0	0	0	0	0	0	0	0	0	0	0	0	0	0	0	0	0	0	0	0	0	0	0	0	0	0	0	0	0	0	0	0	0	0	0	0	0	0	0	0	0	0	0	130	0	0	0	0	0	0	0	0	0	0	0	0	0	0	0	0	0	0	0	0	0	0	0	0	0	0	0	0	0	0	0	0	0	0	203	0	0	0	0	0	0	0	0
order	Main genome;Bacteria;Bacteria (superkingdom);FCB group;Bacteroidota;Bacteroidia;Cytophagales	Cytophagales	0	0	0	4	27	8	0	0	0	0	0	0	0	0	0	0	0	68	0	13	13	0	0	0	0	0	0	0	0	0	0	0	0	0	0	0	0	0	0	0	0	0	0	0	0	0	0	0	0	0	0	0	0	0	0	0	0	0	0	0	0	0	0	0	0	0	0	58	0	40	0	58	9	0	0	6	0	0	0	0	0	0	0	0	0	0	0	0	0	1	0	0	0	4	0	0	0	0	69	0	1	139	45	12	11	173	88	2	16	65	86	0	2	0	0	30	0	6	147	0	0	0	0	0	0	0	0	21	0	0	0	163	0	0	0	0	0	0	312	18	307	8	105	0	3	0	9	0	0
order	Main genome;Bacteria;Bacteria (superkingdom);FCB group;Bacteroidota;Bacteroidia;Bacteroidales	Bacteroidales	0	0	0	0	0	0	0	0	0	0	0	0	0	0	0	0	0	0	0	0	0	0	0	0	0	0	0	0	0	0	0	0	0	0	0	0	0	0	0	0	0	0	0	0	0	0	0	0	0	0	0	0	0	0	0	0	0	0	0	0	0	0	0	0	0	0	0	0	0	0	0	0	0	0	0	0	0	0	0	0	0	0	0	0	0	0	0	0	0	0	0	0	0	0	0	0	0	0	0	0	0	0	0	0	0	0	0	0	0	0	0	0	0	0	0	0	0	0	0	0	0	0	0	0	0	0	0	0	0	0	0	0	0	0	0	0	0	0	0	0	0	0	0	0	0	0	0	0	0
order	Main genome;Bacteria;Bacteria (superkingdom);FCB group;Bacteroidota;Bacteroidia;Sphingobacteriales	Sphingobacteriales	0	0	0	0	0	0	0	0	0	0	0	0	0	0	0	0	0	0	0	0	0	0	0	0	0	0	0	0	0	0	0	0	0	0	0	0	0	0	0	0	0	0	0	0	0	0	0	0	0	0	0	0	0	0	0	0	0	0	0	0	0	0	0	0	0	0	0	0	0	0	0	0	0	0	0	0	0	0	0	0	0	0	0	0	0	0	0	0	0	0	0	0	0	0	0	0	0	0	0	0	0	0	0	0	0	0	0	0	0	0	0	0	0	0	0	0	0	0	0	0	0	0	0	0	0	0	0	0	0	0	0	0	0	0	0	0	0	0	0	0	0	0	0	0	0	0	0	0	0
order	Main genome;Bacteria;Bacteria (superkingdom);FCB group;Bacteroidota;Bacteroidia;Chitinophagales	Chitinophagales	86	83	60	149	82	97	130	0	0	44	0	0	0	0	39	547	262	202	277	200	346	244	2	0	0	0	5	5656	8820	8040	7769	8338	7280	7959	9056	34	92	0	1	0	3	319	273	201	0	0	0	72	0	15	0	0	0	0	65	0	0	1	42	82	0	25	33	0	0	3	0	116	100	126	27	207	0	0	0	0	0	120	27	42	34	32	83	0	0	1	0	0	0	48	42	2	0	177	382	0	0	114	145	0	0	303	177	9	0	51	272	0	0	157	94	0	3	0	0	13	41	374	506	62	131	70	21	54	190	470	0	0	0	0	0	0	223	0	0	0	704	0	544	37	78	0	291	0	86	9	313	0	106
order	Main genome;Bacteria;Bacteria (superkingdom);FCB group;Bacteroidota;Bacteroidia;ML602M-17	ML602M-17	0	0	0	0	0	0	0	0	0	0	0	0	0	0	0	0	0	0	0	0	0	0	0	0	0	0	0	0	0	0	0	0	0	0	0	0	0	0	0	0	0	0	0	0	0	0	0	0	0	0	0	0	0	0	0	0	0	0	0	0	0	0	0	0	0	0	0	0	0	0	0	0	0	0	0	0	0	0	0	0	0	0	0	0	0	0	0	0	0	0	0	0	0	52	0	0	0	2	43	0	0	0	1	0	0	0	0	0	0	0	1	0	0	0	0	0	0	0	0	0	0	0	0	0	0	0	0	0	0	0	0	0	0	0	0	0	0	0	0	0	0	0	0	2	0	0	69	0	0
order	Main genome;Bacteria;Bacteria (superkingdom);FCB group;Bacteroidota;Rhodothermia;Balneolales	Balneolales	0	0	0	0	0	0	0	0	0	0	0	0	0	0	0	0	0	0	0	0	0	0	0	0	0	0	0	0	0	0	0	0	0	0	0	0	0	0	0	0	0	0	0	0	0	0	0	0	0	0	0	0	0	0	0	0	0	0	0	0	0	0	0	0	0	0	0	0	0	0	0	0	0	0	0	0	0	0	0	0	0	0	0	0	0	0	0	0	0	0	0	0	0	0	0	0	0	0	0	0	0	0	0	0	0	0	0	0	0	0	0	0	0	0	0	0	0	0	0	0	0	0	0	0	0	0	0	0	0	0	0	0	0	0	0	0	0	0	0	0	0	0	0	0	0	0	0	0	0
order	Main genome;Bacteria;Bacteria (superkingdom);FCB group;Bacteroidota;Rhodothermia;Rhodothermales	Rhodothermales	0	0	0	0	0	0	0	0	0	0	0	0	0	0	0	0	0	0	0	0	0	0	0	0	0	0	0	0	0	0	0	0	0	0	0	0	0	0	0	0	0	0	0	0	0	0	0	0	0	0	0	0	0	0	0	0	0	0	0	0	0	0	0	0	0	0	0	0	0	0	0	0	0	0	0	0	0	0	0	0	0	0	0	0	0	0	0	0	0	0	0	0	0	0	0	0	0	0	0	0	0	0	0	0	0	0	0	0	0	0	0	0	0	0	0	0	0	0	0	0	0	0	0	0	0	0	0	0	0	0	0	0	0	0	0	0	0	0	0	0	0	0	0	0	0	0	0	0	0
order	Main genome;Bacteria;Bacteria (superkingdom);FCB group;Bacteroidota;Kapabacteria class incertae sedis;Kapabacteria order incertae sedis	Kapabacteria order incertae sedis	0	0	0	0	0	0	0	0	0	0	0	0	0	0	0	0	0	0	0	0	0	0	0	0	0	0	0	0	0	0	0	0	0	0	0	0	0	0	0	0	0	0	0	0	0	0	0	0	0	0	0	0	0	0	0	0	0	0	0	0	0	0	0	0	0	0	0	0	0	0	0	0	0	0	0	0	0	0	0	0	0	0	0	0	0	0	0	0	0	0	0	0	0	0	0	0	0	0	0	0	0	0	0	0	0	0	0	0	0	0	0	0	0	0	0	0	0	0	0	0	0	0	0	0	0	0	0	0	0	0	0	0	0	0	0	0	0	0	0	0	0	0	0	0	0	0	0	0	0
order	Main genome;Bacteria;Bacteria (superkingdom);FCB group;Gemmatimonadota;Gemmatimonadetes;Gemmatimonadales	Gemmatimonadales	0	0	0	0	0	0	0	0	0	0	0	0	0	0	0	0	0	0	0	0	0	0	0	0	0	0	0	0	0	0	0	0	0	0	0	0	0	0	0	0	0	0	0	0	0	0	0	0	0	0	0	0	0	0	0	0	0	0	0	0	0	0	0	0	0	0	0	0	0	0	0	0	0	0	0	0	0	0	0	0	0	0	0	0	0	0	0	0	0	0	0	0	0	0	0	0	0	0	0	0	0	0	0	0	0	0	0	0	0	0	0	0	0	0	0	0	0	0	0	0	0	0	0	0	0	0	0	0	0	0	0	0	0	0	0	0	0	0	0	0	0	0	0	0	0	0	0	0	0
order	Main genome;Bacteria;Bacteria (superkingdom);FCB group;Fibrobacterota;Fibrobacteria;Fibrobacterales	Fibrobacterales	0	0	0	3	0	0	0	0	0	0	0	0	0	0	6	0	14	0	0	7	0	0	0	0	0	0	0	0	0	0	0	0	0	0	0	0	0	0	0	0	0	0	0	6	0	0	0	0	0	0	0	0	0	0	0	0	0	0	0	0	0	0	0	0	0	0	0	0	0	0	0	0	0	0	0	0	0	0	0	4	0	0	2	0	0	0	0	0	0	0	0	0	0	0	0	0	31	0	0	0	0	0	0	0	0	0	0	43	0	0	0	1	0	0	0	0	0	0	0	0	0	0	0	0	0	0	0	0	0	0	0	0	0	0	34	0	0	0	0	0	0	173	0	2	0	0	0	0	0
order	Main genome;Bacteria;Bacteria (superkingdom);Acidobacteria superphylum;Acidobacteriota;Acidobacteriae;Bryobacterales	Bryobacterales	0	0	0	0	0	0	0	0	0	0	0	0	0	0	0	0	0	0	0	0	0	0	0	0	0	0	0	0	0	0	0	0	0	0	0	0	0	0	0	0	0	0	0	0	0	0	0	0	0	0	0	0	0	0	0	0	0	0	0	0	0	0	0	0	0	0	0	0	0	0	0	0	0	0	0	0	0	0	0	0	0	0	0	0	0	0	0	0	0	0	0	0	0	0	0	0	0	0	0	0	0	0	0	0	0	0	0	0	0	0	0	0	0	0	0	0	0	0	0	0	0	0	0	0	0	0	0	0	0	0	0	0	0	0	0	0	0	0	0	0	0	0	0	0	0	0	0	0	0
order	Main genome;Bacteria;Bacteria (superkingdom);Acidobacteria superphylum;Acidobacteriota;Acidobacteriae;PAUC26f	PAUC26f	0	0	0	0	0	0	0	0	0	0	0	0	0	0	0	0	0	0	0	0	0	0	0	0	0	0	0	0	0	0	0	0	0	0	0	0	0	0	0	0	0	0	0	0	0	0	0	0	0	0	0	0	0	0	0	0	0	0	0	0	0	0	0	0	0	0	0	0	0	0	0	0	0	0	0	0	0	0	0	0	0	0	0	0	0	0	0	0	0	0	0	0	0	0	0	0	0	0	0	0	0	0	0	13	0	93	42	6	3	0	12	4	0	0	51	33	9	0	44	14	0	0	0	0	0	0	0	0	0	0	0	0	0	0	0	0	0	0	0	34	176	23	10	25	0	0	0	0	0
order	Main genome;Bacteria;Bacteria (superkingdom);Acidobacteria superphylum;Acidobacteriota;Holophagae;Acanthopleuribacterales	Acanthopleuribacterales	0	0	0	0	0	0	0	0	0	0	0	0	0	0	0	0	0	0	0	0	0	0	0	0	0	0	0	0	0	0	0	0	0	0	0	0	0	0	0	0	0	0	0	0	0	0	0	0	0	0	0	0	0	0	0	0	0	0	0	0	0	0	0	0	0	0	0	0	0	0	0	0	0	0	0	0	0	0	0	0	0	0	0	0	0	0	0	0	0	0	0	0	0	0	0	0	0	0	0	0	0	0	0	0	0	0	0	0	0	0	0	0	0	0	0	0	0	0	0	0	0	0	0	0	0	0	0	0	0	0	0	103	0	0	0	0	0	0	0	0	0	0	0	0	0	0	0	0	0
order	Main genome;Bacteria;Bacteria (superkingdom);Acidobacteria superphylum;Acidobacteriota;Thermoanaerobaculia;Thermoanaerobaculales	Thermoanaerobaculales	0	0	0	0	0	0	0	0	0	0	0	0	0	0	0	0	0	0	0	0	0	0	0	0	0	0	0	0	0	0	0	0	0	0	0	0	0	0	0	0	0	0	0	0	0	0	0	0	0	0	0	0	0	0	0	0	0	0	0	0	0	0	0	0	0	0	0	0	0	0	0	0	0	0	0	0	0	0	0	0	0	0	0	0	0	0	0	0	0	0	0	0	0	0	0	0	0	0	0	0	0	0	0	0	0	0	0	0	0	0	0	0	0	0	0	0	0	0	0	0	0	0	0	0	0	0	0	0	0	0	0	0	0	0	0	0	0	0	0	0	0	0	0	0	0	0	0	0	0
order	Main genome;Bacteria;Bacteria (superkingdom);Acidobacteria superphylum;Acidobacteriota;Vicinamibacteria;Vicinamibacterales (Acidobacteria group 6)	Vicinamibacterales (Acidobacteria group 6)	0	0	0	0	0	0	0	0	0	0	0	0	0	0	0	0	0	0	0	0	0	0	0	0	0	0	0	0	0	0	0	0	0	0	0	0	0	0	0	0	0	0	0	0	0	0	0	0	0	0	0	0	0	0	0	0	0	0	0	0	0	0	0	0	0	0	0	0	0	0	0	0	0	0	0	0	0	0	0	0	0	0	0	0	0	0	0	0	0	0	0	0	0	0	0	0	0	0	0	0	0	1028	513	338	202	2543	1746	280	234	1979	1547	1036	8	2636	2826	4228	4741	10409	7462	1764	72	159	95	3	0	1115	634	1315	718	1058	356	42	99	0	0	201	0	0	1751	1011	4487	1060	3557	3624	0	0	0	0	0
order	Main genome;Bacteria;Bacteria (superkingdom);Acidobacteria superphylum;Acidobacteriota;Vicinamibacteria;Acidobacteria group 9	Acidobacteria group 9	0	0	0	0	0	0	0	0	0	0	0	0	0	0	0	0	0	0	0	0	0	0	0	0	0	0	0	0	0	0	0	0	0	0	0	0	0	0	0	0	0	0	0	0	0	0	0	0	0	0	0	0	0	0	0	0	0	0	0	0	0	0	0	0	0	0	0	0	0	0	0	0	0	0	0	0	0	0	0	0	0	0	0	0	0	0	0	0	0	0	0	0	0	0	0	0	0	0	0	0	0	7	0	0	0	71	28	2	0	6	4	16	0	0	0	0	0	8	34	9	0	0	0	0	0	0	0	0	0	0	1	0	0	0	0	0	0	0	8	0	120	16	17	68	0	0	0	0	0
order	Main genome;Bacteria;Bacteria (superkingdom);PVC group (Planctobacteria);Verrucomicrobiota;Verrucomicrobiae;Opitutales	Opitutales	0	0	0	0	0	0	0	0	0	0	0	0	0	0	0	0	0	0	0	0	0	0	0	0	0	0	0	0	0	0	0	0	0	0	0	0	0	0	0	0	0	0	0	0	0	0	0	0	0	0	0	0	0	0	0	0	0	0	0	0	0	0	0	0	0	0	0	0	0	0	0	0	0	0	0	0	0	0	0	0	0	0	0	0	0	0	0	0	0	0	0	0	0	0	0	0	0	0	0	0	0	289	82	1	4	326	279	0	0	168	112	0	0	131	62	73	208	193	175	45	0	0	0	0	0	0	0	0	0	0	0	0	0	0	0	0	0	0	495	1	595	0	253	0	0	0	0	0	0
order	Main genome;Bacteria;Bacteria (superkingdom);PVC group (Planctobacteria);Verrucomicrobiota;Verrucomicrobiae;Arctic97B-4 marine group	Arctic97B-4 marine group	60	262	282	303	36	188	43	0	0	0	0	0	0	0	0	0	0	0	0	0	0	0	0	0	0	0	0	0	0	0	0	0	0	0	0	0	0	0	0	0	0	0	0	0	0	0	0	0	0	0	0	0	0	0	0	0	0	0	0	0	0	0	269	327	0	0	0	114	246	84	64	114	0	0	0	0	0	627	791	855	414	836	911	0	0	0	0	0	0	175	148	0	0	471	666	0	12	1574	2391	3	1	1463	1196	39	26	1981	1185	0	0	1342	1644	6	1	2963	2585	3056	4016	4174	3133	6589	5427	1678	1060	1138	1684	67	11	71	136	6	27	27	0	240	15	58	226	4	2569	117	3340	0	2505	23	321	0	839	0	1253
order	Main genome;Bacteria;Bacteria (superkingdom);PVC group (Planctobacteria);Verrucomicrobiota;Verrucomicrobiae;Verrucomicrobiales	Verrucomicrobiales	0	0	0	0	0	0	0	0	0	0	0	0	0	0	0	0	0	0	0	0	0	0	0	0	0	0	0	0	0	0	0	0	0	0	0	0	0	0	0	0	0	0	0	0	0	0	0	0	0	0	0	0	0	0	0	0	0	0	0	0	0	0	0	0	0	0	0	0	0	0	0	0	0	0	0	0	0	0	0	0	0	0	0	0	0	0	0	0	0	0	0	0	0	0	0	0	0	0	0	0	0	0	0	0	0	0	0	0	0	0	0	0	0	0	0	0	0	0	0	0	0	0	0	0	0	0	0	0	0	0	0	0	0	0	0	0	0	0	0	0	0	0	0	0	0	0	0	0	0
order	Main genome;Bacteria;Bacteria (superkingdom);PVC group (Planctobacteria);Verrucomicrobiota;Verrucomicrobiae;Pedosphaerales	Pedosphaerales	2	0	53	0	12	53	48	0	0	0	0	0	0	0	78	96	117	171	194	78	405	107	2	19	5	3	15	0	0	0	42	0	0	0	2	0	0	0	0	0	0	0	0	0	0	0	0	0	0	0	0	0	0	0	0	0	0	0	10	0	0	0	0	0	0	0	0	0	0	0	8	0	0	0	0	0	0	0	0	0	0	0	0	0	0	0	0	0	0	0	0	0	0	0	0	0	0	0	0	0	0	0	0	0	0	0	0	0	0	0	0	0	0	0	0	0	0	0	0	0	0	0	0	0	0	0	0	0	0	168	0	0	0	179	0	0	0	0	0	0	0	0	0	0	2	0	0	0	0
order	Main genome;Bacteria;Bacteria (superkingdom);PVC group (Planctobacteria);Verrucomicrobiota;Lentisphaeria;Lentisphaerales	Lentisphaerales	0	0	0	0	0	0	0	0	0	0	0	0	0	0	0	0	0	0	0	0	0	0	0	0	0	0	0	0	0	0	0	0	0	0	0	0	0	0	0	0	0	0	0	0	0	0	0	0	0	0	0	0	0	0	0	0	0	0	0	0	0	0	0	0	0	0	0	0	0	0	0	0	0	0	0	0	0	0	0	0	0	0	0	0	0	0	0	0	0	0	0	0	0	0	0	0	0	0	0	0	0	0	0	0	0	0	0	0	0	0	0	0	0	0	0	0	0	0	0	0	0	0	0	0	0	0	0	0	0	0	0	0	0	0	0	0	0	0	0	0	0	0	0	0	0	0	0	0	0
order	Main genome;Bacteria;Bacteria (superkingdom);PVC group (Planctobacteria);Verrucomicrobiota;Lentisphaeria;Victivallales	Victivallales	0	0	0	0	0	0	0	0	0	0	0	0	0	0	0	0	0	0	0	0	0	0	0	0	0	0	0	0	0	0	0	0	0	0	0	0	0	0	0	0	0	0	0	0	0	0	0	0	0	0	0	0	0	0	0	0	0	0	0	0	0	0	0	0	0	0	0	0	0	0	0	0	0	0	0	0	0	0	0	0	0	0	0	0	0	0	0	0	0	0	0	0	0	0	0	0	0	0	0	0	0	0	0	0	0	0	0	0	0	0	0	0	0	0	0	0	0	0	0	0	0	0	0	0	0	0	0	0	0	0	0	0	0	0	0	0	0	0	0	0	0	0	0	0	0	0	0	0	0
order	Main genome;Bacteria;Bacteria (superkingdom);PVC group (Planctobacteria);Verrucomicrobiota;Lentisphaeria;SS1-B-02-17	SS1-B-02-17	0	0	0	0	0	0	0	0	0	0	0	0	0	0	0	0	0	0	0	0	0	0	0	0	0	0	0	0	0	0	0	0	0	0	0	0	0	0	0	0	0	0	0	0	0	0	0	0	0	0	0	0	0	0	0	0	0	0	0	0	0	0	0	0	0	0	0	0	0	0	0	0	0	0	0	0	0	0	0	0	0	0	0	0	0	0	0	0	0	0	0	0	0	0	0	0	0	0	0	0	0	0	0	0	0	0	0	0	0	45	0	0	0	0	0	2	0	0	0	0	0	0	0	0	0	0	0	0	0	0	0	0	0	0	0	0	0	0	0	0	0	0	101	0	0	0	0	0	0
order	Main genome;Bacteria;Bacteria (superkingdom);PVC group (Planctobacteria);Verrucomicrobiota;Omnitrophia;Omnitrophales	Omnitrophales	0	0	0	0	0	0	0	0	0	0	0	0	0	0	0	90	21	0	0	0	0	0	0	0	0	0	0	0	0	0	0	0	0	0	0	0	0	0	0	0	0	0	0	0	0	0	0	0	0	0	0	0	0	0	0	0	0	0	0	0	0	0	0	0	0	0	0	0	0	0	0	0	0	0	0	0	0	0	0	0	0	0	0	0	0	0	0	0	0	0	0	0	0	0	0	0	0	0	0	0	0	0	0	0	0	0	0	0	0	0	0	0	0	91	126	0	0	0	0	0	0	0	0	0	0	0	0	0	0	0	0	0	0	0	0	0	0	0	0	0	0	0	0	0	0	0	0	0	0
order	Main genome;Bacteria;Bacteria (superkingdom);PVC group (Planctobacteria);Verrucomicrobiota;Kiritimatiellae;WCHB1-41	WCHB1-41	0	0	0	3	2	16	0	0	0	0	0	0	0	0	0	0	0	0	0	0	0	0	0	0	0	0	0	0	0	0	0	0	0	0	0	0	0	0	0	0	0	0	0	0	0	0	0	0	0	0	0	0	0	0	0	0	0	0	0	0	0	0	0	0	0	0	0	10	39	112	1	45	0	0	0	0	0	0	0	0	0	0	0	0	0	0	0	0	0	1	5	0	0	0	0	0	0	0	11	0	0	0	0	0	0	83	30	0	0	7	4	0	0	0	0	0	0	7	64	0	0	0	0	0	0	0	0	0	0	0	0	0	0	0	0	0	0	0	0	0	162	0	4	0	0	0	0	0	0
order	Main genome;Bacteria;Bacteria (superkingdom);PVC group (Planctobacteria);Verrucomicrobiota;Kiritimatiellae;Kiritimatiellales	Kiritimatiellales	0	0	0	0	0	0	0	0	0	0	0	0	0	0	0	0	0	0	0	0	0	0	0	0	0	0	0	0	0	0	0	0	0	0	0	0	0	0	0	0	0	0	0	0	0	0	0	0	0	0	0	0	0	0	0	0	0	0	0	0	0	0	0	0	0	0	0	0	0	0	0	0	0	0	0	0	0	0	0	0	0	0	0	0	0	0	0	0	0	0	0	0	0	0	0	0	0	0	0	0	0	0	0	0	0	0	0	0	0	0	0	0	0	0	0	0	0	0	0	0	0	0	0	0	0	0	0	0	0	0	0	0	0	0	0	0	0	0	0	0	0	0	0	0	0	0	0	0	0
order	Main genome;Bacteria;Bacteria (superkingdom);PVC group (Planctobacteria);Planctomycetota;Planctomycetes;Pirellulales	Pirellulales	0	0	0	0	0	0	0	0	0	0	0	0	0	0	1	0	0	0	0	0	50	0	0	0	0	0	0	0	0	0	0	0	0	0	0	0	0	0	0	0	0	0	0	0	0	0	0	0	0	0	0	0	0	0	0	0	0	0	0	0	0	0	0	0	0	0	0	0	0	0	0	0	0	0	0	0	0	0	0	0	0	0	0	0	0	0	0	0	0	0	0	0	0	0	0	0	0	0	0	0	0	0	0	0	0	0	0	0	0	0	0	0	0	0	0	0	0	0	0	0	0	0	0	0	0	0	0	0	0	0	0	0	0	0	0	0	0	0	0	0	0	0	0	0	0	0	0	0	0
order	Main genome;Bacteria;Bacteria (superkingdom);PVC group (Planctobacteria);Planctomycetota;Planctomycetes;Planctomycetales	Planctomycetales	0	0	0	0	0	0	1	0	0	20	0	0	0	0	0	0	0	0	0	0	0	0	0	0	0	0	0	0	0	0	1	0	2	0	0	0	0	0	0	0	0	0	0	0	0	0	0	0	0	0	0	0	0	0	0	0	0	0	0	0	0	0	0	0	0	0	0	0	0	0	0	0	0	0	0	0	0	0	4	0	0	0	1	0	0	0	0	0	0	0	0	0	0	0	0	0	0	139	77	0	0	8364	4198	630	811	3463	2748	7	13	1311	1749	6	7	2630	2331	1596	2310	2711	6101	4090	403	31	3	32	31	0	0	381	24	0	9	88	0	0	0	0	0	0	14107	1978	5773	25	2432	36	0	0	0	0	94
order	Main genome;Bacteria;Bacteria (superkingdom);PVC group (Planctobacteria);Planctomycetota;Planctomycetes;Gemmatales	Gemmatales	0	0	0	0	0	0	0	0	0	0	0	0	0	0	0	0	0	0	0	0	0	0	0	0	0	0	0	0	0	0	0	0	0	0	0	0	0	0	0	0	0	0	0	0	0	0	0	0	0	0	0	0	0	0	0	0	0	0	0	0	0	0	0	0	0	0	0	0	0	0	0	0	0	0	0	0	0	0	0	0	0	0	0	0	0	0	0	0	0	0	0	0	0	0	0	0	0	0	0	0	0	3	0	0	0	89	15	2	0	8	19	0	1	16	0	12	5	0	377	80	0	0	0	0	0	0	0	0	0	0	0	0	0	0	0	0	0	0	10	0	230	11	17	0	0	0	0	0	0
order	Main genome;Bacteria;Bacteria (superkingdom);PVC group (Planctobacteria);Planctomycetota;Phycisphaerae;CCM11a	CCM11a	0	0	0	0	0	0	0	0	0	0	0	0	0	0	84	0	0	0	0	0	0	0	0	0	0	0	0	0	0	0	0	0	0	0	0	0	0	0	0	0	0	0	0	0	0	0	0	0	0	0	0	0	0	0	0	0	0	0	0	0	0	0	0	0	0	0	0	0	0	0	0	0	0	0	0	0	0	0	0	0	0	0	0	0	0	0	0	0	0	0	0	0	0	0	0	0	0	0	0	0	0	0	0	0	0	0	0	0	0	0	0	0	0	0	0	0	0	0	0	0	0	0	0	0	0	0	0	0	0	0	0	0	0	0	0	0	0	0	0	0	0	0	0	0	0	0	0	0	0
order	Main genome;Bacteria;Bacteria (superkingdom);PVC group (Planctobacteria);Planctomycetota;Phycisphaerae;MSBL9	MSBL9	0	0	0	0	0	0	0	0	0	0	0	0	0	0	0	0	0	0	0	0	0	0	0	0	0	0	0	0	0	0	0	0	0	0	0	0	0	0	0	0	0	0	0	0	0	0	0	0	0	0	0	0	0	0	0	0	0	0	0	0	0	0	0	0	0	0	0	0	0	0	0	0	0	0	0	0	0	0	0	0	0	0	0	0	0	0	0	0	0	0	0	0	0	0	0	0	0	0	0	0	0	0	0	0	0	0	0	0	0	0	0	0	0	0	0	0	0	0	0	0	0	0	0	0	0	0	0	0	0	0	0	0	0	0	0	0	0	0	0	0	0	0	0	0	0	0	0	0	0
order	Main genome;Bacteria;Bacteria (superkingdom);PVC group (Planctobacteria);Planctomycetota;Phycisphaerae;Phycisphaerales	Phycisphaerales	0	0	3	1	2	0	0	0	0	0	0	0	0	0	0	58	19	0	0	0	0	0	0	0	0	0	0	0	0	0	0	0	0	0	0	0	0	0	0	0	0	0	0	0	0	0	0	0	0	0	0	0	0	0	0	0	0	0	0	0	0	0	0	0	0	0	0	0	0	26	0	0	0	0	0	0	0	0	0	0	0	0	0	0	0	0	0	0	0	3	0	0	0	57	29	0	0	539	576	0	35	1337	640	9	4	2105	1214	5	16	972	1215	28	1	503	364	362	462	1081	2620	956	5	3	26	0	0	18	0	34	0	62	13	0	0	0	0	0	0	0	2246	15	3559	46	1720	98	14	0	102	0	507
order	Main genome;Bacteria;Bacteria (superkingdom);Spirochaetes superphylum;Spirochaetota;Spirochaetia;Spirochaetales	Spirochaetales	0	0	19	0	0	0	0	0	0	0	0	0	0	0	0	0	0	0	0	0	0	0	0	0	37	0	0	0	0	0	0	0	0	0	0	0	0	0	0	0	0	0	0	0	0	0	0	0	0	0	0	0	0	0	0	0	0	0	0	0	0	0	0	0	0	0	0	0	0	0	0	0	0	0	0	0	0	0	0	0	0	0	0	0	0	0	0	0	0	15	61	5	1	25	1	0	0	0	15	0	0	20	5	7	0	35	0	0	0	49	20	0	0	0	3	0	55	18	215	7	0	0	0	0	0	0	0	0	0	0	5	340	0	0	0	0	0	0	33	23	40	0	95	0	27	50	44	0	0
order	Main genome;Bacteria;Bacteria (superkingdom);Spirochaetes superphylum;Spirochaetota;Leptospirae;Leptospirales	Leptospirales	0	0	0	0	0	0	0	0	0	0	0	0	0	0	0	0	0	0	0	0	0	0	0	0	0	0	0	0	0	0	0	0	0	0	0	0	0	0	0	0	0	0	0	0	0	0	0	0	0	0	0	0	0	0	0	0	0	0	0	0	0	0	0	0	0	0	0	0	0	0	0	0	0	0	0	0	0	0	0	0	0	0	0	0	0	0	0	0	0	0	0	0	0	0	0	0	0	0	0	0	0	0	0	0	0	0	0	0	0	0	0	0	0	0	0	0	0	0	0	0	0	0	0	0	0	0	0	0	0	0	0	0	0	0	0	0	0	0	0	0	0	0	0	0	0	0	0	0	0
order	Main genome;Bacteria;Bacteria (superkingdom);Halanaerobiaeota superphylum;Halanaerobiaeota;Halanaerobiia;Halanaerobiales	Halanaerobiales	0	0	0	0	0	0	0	0	0	0	0	0	0	0	0	0	0	0	0	0	0	0	0	0	0	0	0	0	0	0	0	0	0	0	0	0	0	0	0	0	0	0	0	0	0	0	0	0	0	0	0	0	0	0	0	0	0	0	0	0	0	0	0	0	0	0	0	0	0	0	0	0	0	0	0	0	0	0	0	0	0	0	0	0	0	0	0	0	0	0	0	0	0	0	0	0	0	0	0	0	0	0	0	0	0	0	0	0	0	0	0	0	0	0	0	0	0	0	0	0	0	0	0	0	0	0	0	0	0	0	0	0	0	0	0	0	0	0	0	0	0	0	0	0	0	0	0	0	0
order	Main genome;Bacteria;Bacteria (superkingdom);Dependentiae superphylum;Dependentiae;Babeliae;Babeliales	Babeliales	0	0	0	0	0	0	0	0	0	0	0	0	0	0	0	0	0	0	0	0	0	0	0	0	0	0	0	0	0	0	0	0	0	0	0	0	0	0	0	0	0	0	0	0	0	0	0	0	0	0	0	0	0	0	0	0	0	0	0	0	0	0	0	0	0	0	0	0	0	0	0	0	0	0	0	0	0	0	0	0	0	0	0	0	0	0	0	0	0	0	0	0	0	0	0	1	11	0	0	61	6	0	0	0	0	0	0	0	0	0	0	0	0	0	0	0	0	0	0	0	0	0	10	0	0	0	0	0	0	0	0	0	0	0	0	0	0	194	0	0	0	0	0	0	0	0	0	1	0
order	Main genome;Bacteria;Bacteria (superkingdom);Fusobacteria superphylum;Fusobacteriota;Fusobacteriia;Fusobacteriales	Fusobacteriales	0	0	0	0	0	0	0	0	0	0	0	0	0	0	0	0	0	0	0	0	0	0	0	0	0	0	0	0	0	0	0	0	0	0	0	0	0	0	0	0	0	0	0	0	0	0	0	0	0	0	0	0	0	0	0	0	0	0	0	0	0	0	0	0	0	0	0	0	0	0	0	0	0	0	0	0	0	0	0	0	0	0	0	0	0	0	0	0	0	0	0	0	0	0	0	0	0	0	0	0	0	0	0	0	0	0	0	0	0	0	0	0	0	0	0	0	0	0	0	0	0	0	0	0	0	0	0	0	0	0	0	0	0	0	0	0	0	0	0	0	0	0	0	0	0	0	0	0	0
order	Main genome;Bacteria;Bacteria (superkingdom);Thermotogota superphylum;Thermotogota;Thermotogae;Petrotogales	Petrotogales	0	0	0	0	0	0	0	0	0	0	0	0	0	0	0	0	0	0	0	0	0	0	0	0	0	0	0	0	0	0	0	0	0	0	0	0	0	0	0	0	0	0	0	0	0	0	0	0	0	0	0	0	0	0	0	0	0	0	0	0	0	0	0	0	0	0	0	0	0	0	0	0	0	0	0	0	0	0	0	0	0	0	0	0	0	0	0	0	0	0	0	0	0	0	0	0	0	0	0	0	0	0	0	0	0	0	0	0	0	0	0	0	0	0	0	0	0	0	0	0	0	0	0	0	0	0	0	0	0	0	0	0	0	0	0	0	0	0	0	0	0	0	0	0	0	0	0	0	0
order	Main genome;Bacteria;Bacteria (superkingdom);Nitrospirae superphylum;Nitrospirota;Nitrospiria;Nitrospirales	Nitrospirales	0	0	0	0	0	0	0	0	0	0	0	0	0	0	0	0	0	0	0	0	0	0	0	0	0	0	0	0	0	0	0	0	0	0	0	0	0	0	0	0	0	0	0	0	0	0	0	0	0	0	0	0	0	0	0	0	0	0	0	0	0	0	0	0	0	0	0	0	0	0	0	0	0	0	0	0	0	0	0	0	0	0	0	0	0	0	0	0	0	0	0	0	0	0	0	0	0	0	0	0	0	0	0	0	0	0	0	0	0	0	0	0	0	0	0	0	0	0	0	0	0	0	0	0	0	0	0	0	0	0	0	0	0	0	0	0	0	0	0	0	0	0	0	0	0	0	0	0	0
order	Main genome;Bacteria;Bacteria (superkingdom);Nitrospirae superphylum;Methylomirabilota;Methylomirabilia;Methylomirabilales	Methylomirabilales	0	0	0	0	0	0	0	0	0	0	0	0	0	0	0	0	0	0	0	0	0	0	0	0	0	0	0	0	0	0	0	0	0	0	0	0	0	0	0	0	0	0	0	0	0	0	0	0	0	0	0	0	0	0	0	0	0	0	0	0	0	0	0	0	0	0	0	0	0	0	0	0	0	0	0	0	0	0	0	0	0	0	0	0	0	0	0	0	0	0	0	0	0	0	0	0	0	0	0	0	0	0	0	0	0	0	0	0	0	0	0	0	0	0	0	0	0	0	0	0	0	0	0	0	0	0	0	0	0	0	0	0	0	0	0	0	0	0	0	0	0	0	0	0	0	0	0	0	0
order	Main genome;Bacteria;Bacteria (superkingdom);Nitrospirae superphylum;Nitrospinota;Nitrospinia;Nitrospinales	Nitrospinales	0	0	0	0	0	0	0	0	0	0	0	0	0	0	0	0	0	0	0	0	0	0	0	0	0	0	0	0	0	0	0	0	0	0	0	0	0	0	0	0	0	0	0	0	0	0	0	0	0	0	0	0	0	0	0	0	0	0	0	0	0	0	0	0	0	0	0	0	0	0	0	0	0	0	0	0	0	0	0	0	0	0	0	0	0	0	0	0	0	0	0	0	0	0	0	0	0	0	0	0	0	0	0	0	0	0	0	0	0	0	0	0	0	0	0	0	0	0	0	0	0	0	0	0	0	0	0	0	0	0	0	0	0	0	0	0	0	0	0	0	0	0	0	0	0	0	0	0	0
order	Main genome;Bacteria;Bacteria (superkingdom);Nitrospinae Tectomicrobia group;Entotheonellaeota;Entotheonellia;Entotheonellales	Entotheonellales	0	0	0	0	0	0	0	0	0	0	0	0	0	0	0	0	0	0	0	0	0	0	0	0	0	0	0	0	0	0	0	0	0	0	0	0	0	0	0	0	0	0	0	0	0	0	0	0	0	0	0	0	0	0	0	0	0	0	0	0	0	0	0	0	0	0	0	0	0	0	0	0	0	0	0	0	0	0	0	0	0	0	0	0	0	0	0	0	0	0	0	0	0	0	0	0	0	0	0	0	0	0	0	0	0	0	0	0	0	0	0	0	0	0	0	0	0	0	0	0	0	0	0	0	0	0	0	0	0	0	0	0	0	0	0	0	0	0	0	0	0	0	0	0	0	0	0	0	0
order	Main genome;Bacteria;Bacteria (superkingdom);Hydrogenedentes superphylum;Hydrogenedentes;Hydrogenedentia;Hydrogenedentiales	Hydrogenedentiales	0	0	0	0	0	0	0	0	0	0	0	0	0	0	51	0	0	0	0	0	0	0	0	0	0	0	0	0	0	0	0	0	0	0	0	0	0	0	0	0	0	0	0	0	0	0	0	0	0	0	0	0	0	0	0	0	0	0	0	0	0	0	0	0	0	0	0	0	0	0	0	0	0	0	0	0	0	0	0	0	0	0	0	0	0	0	0	0	0	0	0	0	0	0	0	0	0	0	0	0	0	0	0	0	0	0	0	0	0	0	0	0	0	0	0	0	0	0	0	0	0	0	0	0	0	0	0	0	0	0	0	0	0	0	0	0	0	0	0	0	0	0	0	0	0	0	0	0	0
order	Main genome;Bacteria;Bacteria (superkingdom);Dadabacteria superphylum;Dadabacteria;Dadabacteriia;Dadabacteriales	Dadabacteriales	0	0	0	0	0	0	0	0	0	0	0	0	0	0	0	0	0	0	0	0	0	0	0	0	0	0	0	0	0	0	0	0	0	0	0	0	0	0	0	0	0	0	0	0	0	0	0	0	0	0	0	0	0	0	0	0	0	0	0	0	0	0	0	0	0	0	0	0	0	0	0	0	0	0	0	0	0	0	0	0	0	0	0	0	0	0	0	0	0	0	0	0	0	0	0	0	0	0	0	0	0	0	0	0	0	0	0	0	0	0	0	0	0	0	0	0	0	0	99	0	0	0	0	0	0	0	35	3	0	0	0	0	0	0	12	19	0	0	0	0	0	0	0	0	0	0	0	0	0
order	Main genome;Archaea;Archaea (superkingdom);Euryarchaea sensu lato superphylum;Halobacterota;Halobacteria;Halobacterales	Halobacterales	0	0	0	0	0	0	0	0	0	0	0	0	0	0	0	0	0	0	0	0	0	0	0	0	0	0	0	0	0	0	0	0	0	0	0	0	0	0	0	0	0	0	0	0	0	0	0	0	0	0	0	0	0	0	0	0	0	0	0	0	0	0	0	0	0	0	0	0	0	0	0	0	0	0	0	0	0	0	0	0	0	0	0	0	0	0	0	0	0	0	0	0	0	0	0	0	0	0	0	0	0	0	0	0	0	0	0	0	0	0	0	0	0	0	0	0	0	0	0	0	0	0	0	0	0	0	0	0	0	0	0	0	0	0	0	0	0	0	0	0	0	0	0	0	0	0	0	0	0
order	Main genome;Archaea;Archaea (superkingdom);Euryarchaea sensu lato superphylum;Thermoplasmatota;Thermoplasmata;Marine Group III	Marine Group III	1907	2403	1288	1991	948	2156	851	1063	1621	2916	2312	1797	730	1139	112	144	37	143	21	0	4	0	7	33	17	10	17	0	0	0	0	0	0	0	52	50	56	69	16	3	1	59	48	46	79	77	57	0	0	0	0	0	0	0	0	0	0	0	0	0	0	0	84	0	0	0	0	596	351	73	256	410	1935	1413	679	530	964	253	410	388	199	355	335	228	312	389	299	199	307	2641	3022	779	703	2332	2027	710	688	2626	2511	214	203	2633	1182	423	255	396	284	560	819	446	330	730	872	6288	7165	10566	11560	2318	4401	2087	1262	1186	1035	564	676	2184	830	485	1197	1959	1214	3364	1718	1281	2350	785	843	754	4533	1388	716	2368	746	2732	4836	2984	3944	2686	2206
order	Main genome;Archaea;Archaea (superkingdom);Euryarchaea sensu lato superphylum;Thermoplasmatota;Thermoplasmata;Marine Group II	Marine Group II	2075	2359	2002	8129	5457	1770	6113	11975	4723	6339	6020	4205	3314	4439	7467	7693	3934	4281	5430	1940	10295	1595	12656	17296	14132	14357	2815	763	565	382	59	49	136	156	196	2202	1627	1799	1260	1586	1307	7447	10519	5774	15267	14328	12774	0	95	10	16	103	332	259	56	47	417	34	8	113	53	0	2398	273	1205	15	0	9161	7190	2426	4446	6939	4924	3188	9399	5513	7577	8318	12407	10722	4851	7548	14763	17661	10778	13971	15830	12409	8115	8213	10677	3163	5400	16788	14667	7490	5068	11822	9252	2419	598	17171	8688	4065	2383	18736	13298	2245	2808	12455	13067	2137	2330	30070	27166	30531	54706	15584	28402	30053	15254	28500	20251	19283	21074	13727	8364	6474	8854	5087	7554	14587	26348	27110	38336	30990	23704	7640	29386	13476	31881	8087	22239	8463	14537	11098	27464	26845	8898
order	Main genome;Archaea;Archaea (superkingdom);TACK;Thaumarchaeota;Nitrososphaeria;Nitrosopumilales	Nitrosopumilales	0	0	0	0	0	0	0	0	0	0	0	0	0	0	0	0	0	0	0	0	0	0	0	0	0	0	0	0	0	0	0	0	0	0	0	0	0	0	0	0	0	0	0	0	0	0	0	0	0	0	0	0	0	0	0	0	0	0	0	0	0	0	0	0	0	0	0	0	0	0	0	0	0	0	0	0	0	0	0	0	0	0	0	0	0	0	0	0	0	0	0	0	0	0	0	0	0	0	0	0	0	0	0	0	0	0	0	0	0	0	0	0	0	0	0	0	0	0	0	0	0	0	0	0	0	0	0	0	0	0	0	0	0	0	0	0	0	0	0	0	0	0	0	0	0	0	0	0	0
order	Main genome;Archaea;Archaea (superkingdom);DPANN;Nanoarchaeota;Nanoarchaeia;Woesearchaeales	Woesearchaeales	0	0	0	0	0	0	0	1	52	0	0	7	0	0	0	0	0	59	0	0	0	0	22	112	0	32	178	0	0	0	0	0	0	0	0	0	0	0	0	0	0	0	0	0	0	0	0	0	0	0	142	5	0	0	0	0	0	0	0	0	0	0	4	0	0	0	0	0	0	0	0	0	0	0	1	0	0	0	0	0	3	5	0	82	50	21	42	43	4	0	0	0	0	0	0	1	0	0	0	5	1	60	1	162	77	132	157	632	499	101	313	702	1654	499	600	968	624	511	487	36	0	0	494	8	1	7515	7336	9548	6458	5669	5713	605	42	39	534	243	37	5	129	590	218	2279	242	2670	0	0	0	0	0
family	Main genome;Bacteria;Bacteria (superkingdom);Proteobacteria superphylum;Proteobacteria;Gammaproteobacteria;Enterobacterales;Vibrionaceae	Vibrionaceae	143	38	61	289	236	125	133	6	0	0	0	0	0	0	159	485	658	870	585	725	747	798	20	17	5	0	0	2	39	7	52	57	14	0	89	0	0	17	0	0	0	42	152	76	0	0	0	0	0	0	0	0	0	3	0	0	0	12	43	0	0	0	140	242	0	0	0	34	5	28	43	42	1	0	4	0	37	19	0	9	2	2	12	2	0	0	0	0	0	46	24	19	0	36	129	0	0	70	89	0	5	171	61	1	7	246	142	61	42	189	71	19	14	300	34	11	0	56	142	130	68	0	0	0	26	100	0	347	619	0	39	0	0	0	0	0	540	0	225	0	453	194	352	113	118	68	46	3	61
family	Main genome;Bacteria;Bacteria (superkingdom);Proteobacteria superphylum;Proteobacteria;Gammaproteobacteria;Enterobacterales;Alteromonadaceae	Alteromonadaceae	46	0	0	116	14	0	0	0	0	0	106	0	0	0	65	73	39	65	64	28	221	131	11	0	12	61	0	2	0	4	74	0	0	0	1	0	0	0	0	0	0	0	0	1	0	0	0	0	0	0	0	0	0	0	0	0	0	0	0	0	0	0	0	0	0	0	0	0	544	0	2	25	0	0	0	0	0	0	0	70	0	0	0	0	0	0	0	0	0	10	0	0	0	94	0	39	2	7	0	0	0	6	264	0	0	0	0	2	5	19	2	63	48	0	0	0	0	11	18	3	0	0	0	0	0	51	0	0	0	159	20	349	0	0	0	350	0	0	4	1	1	0	47	211	24	0	165	201	4
family	Main genome;Bacteria;Bacteria (superkingdom);Proteobacteria superphylum;Proteobacteria;Gammaproteobacteria;Enterobacterales;Colwelliaceae	Colwelliaceae	0	0	0	0	0	0	0	0	0	0	0	0	0	0	0	128	22	0	0	0	0	0	0	0	0	0	0	0	0	0	0	0	0	0	0	0	0	0	0	0	0	0	0	0	0	0	0	0	3694	0	0	92	0	2	0	0	0	0	599	0	0	0	0	0	0	0	0	0	0	0	0	0	0	0	0	0	0	0	0	0	0	0	0	0	0	0	0	0	0	0	0	0	0	0	0	0	0	0	0	0	0	0	0	0	0	0	0	0	0	0	0	0	0	0	0	0	0	0	0	0	0	0	0	0	0	0	0	0	84	0	0	0	0	0	0	0	0	0	0	0	0	0	0	0	0	0	0	0	0
family	Main genome;Bacteria;Bacteria (superkingdom);Proteobacteria superphylum;Proteobacteria;Gammaproteobacteria;Enterobacterales;Aeromonadaceae	Aeromonadaceae	0	0	0	0	0	0	0	0	0	0	0	0	0	0	0	0	0	0	0	0	0	0	0	0	0	0	0	0	0	0	0	0	0	0	0	0	0	0	0	0	0	0	0	0	0	0	0	0	0	0	0	0	0	0	0	0	0	0	0	0	0	0	0	0	0	0	0	0	0	0	0	0	0	0	0	0	0	0	0	0	0	0	0	0	0	0	0	0	0	0	0	0	0	0	0	0	0	0	0	0	0	0	0	0	0	0	0	0	0	0	0	0	0	0	0	0	0	0	0	0	0	0	0	0	0	0	0	0	0	0	0	0	0	0	0	0	0	0	0	0	0	0	0	0	0	0	0	0	0
family	Main genome;Bacteria;Bacteria (superkingdom);Proteobacteria superphylum;Proteobacteria;Gammaproteobacteria;Enterobacterales;Pseudoalteromonadaceae	Pseudoalteromonadaceae	10	69	42	9	0	11	32	0	0	0	0	0	0	0	0	0	0	0	0	0	0	0	0	0	0	0	0	0	0	0	0	0	0	0	0	0	0	0	0	0	0	3	0	0	0	1	0	0	0	0	0	0	0	0	0	0	0	0	0	0	0	0	13	0	0	0	0	35	0	0	11	0	0	0	0	0	0	0	0	0	0	1	0	0	0	0	0	0	0	13	3	0	0	22	0	0	0	0	21	0	0	0	0	0	0	0	0	0	0	0	0	0	0	0	0	0	0	0	0	40	0	2	0	0	0	0	0	0	0	0	0	0	0	0	0	0	0	0	0	0	0	0	0	0	15	0	42	0	0
family	Main genome;Bacteria;Bacteria (superkingdom);Proteobacteria superphylum;Proteobacteria;Gammaproteobacteria;Enterobacterales;Shewanellaceae	Shewanellaceae	0	0	0	0	0	0	0	0	0	0	0	0	0	0	0	0	0	0	0	0	0	0	0	0	0	0	0	0	0	0	0	0	0	0	0	0	0	0	0	0	0	0	0	0	0	0	0	0	0	0	0	0	0	0	0	0	0	0	0	0	0	0	0	0	0	0	0	0	0	0	0	0	0	0	0	0	0	0	0	0	0	0	0	0	0	0	0	0	0	0	0	0	0	0	0	0	0	0	0	0	0	0	0	0	0	0	0	0	0	0	0	0	0	0	0	0	0	0	0	0	0	0	0	0	0	0	0	0	0	0	0	0	0	0	0	0	0	0	0	0	0	0	0	0	0	0	0	0	0
family	Main genome;Bacteria;Bacteria (superkingdom);Proteobacteria superphylum;Proteobacteria;Gammaproteobacteria;Enterobacterales;Moritellaceae	Moritellaceae	0	0	0	0	0	0	0	0	0	0	0	0	0	0	0	0	0	0	0	0	0	0	0	0	0	0	0	0	0	0	0	0	0	0	0	0	0	0	0	0	0	0	0	0	0	0	0	0	0	0	0	0	0	0	0	0	0	0	0	0	0	0	0	0	0	0	0	0	0	0	0	0	0	0	0	0	0	0	0	0	0	0	0	0	0	0	0	0	0	0	0	0	0	0	0	0	0	0	0	0	0	0	0	0	0	0	0	0	0	0	0	0	0	0	0	0	0	0	0	0	0	0	0	0	0	0	0	0	0	0	0	0	0	0	0	0	0	0	0	0	0	0	0	0	0	0	0	0	0
family	Main genome;Bacteria;Bacteria (superkingdom);Proteobacteria superphylum;Proteobacteria;Gammaproteobacteria;Enterobacterales;Idiomarinaceae	Idiomarinaceae	0	0	0	0	0	0	0	0	0	0	0	0	0	0	0	0	0	0	0	0	0	0	0	0	0	0	0	0	0	0	0	0	0	0	0	0	0	0	0	0	0	0	0	0	0	0	0	0	0	0	0	0	0	0	0	0	0	0	0	0	0	0	0	0	0	0	0	0	0	0	0	0	0	0	0	0	0	0	0	0	0	0	0	0	0	0	0	0	0	0	0	0	0	0	0	0	0	0	0	0	0	0	0	0	0	0	0	0	0	0	0	0	0	0	0	0	0	0	0	0	0	0	0	0	0	0	0	0	0	0	0	0	0	0	0	0	0	0	0	0	0	0	0	0	0	0	0	0	0
family	Main genome;Bacteria;Bacteria (superkingdom);Proteobacteria superphylum;Proteobacteria;Gammaproteobacteria;Enterobacterales;Kangiellaceae	Kangiellaceae	0	0	0	0	0	0	0	0	0	0	0	0	0	0	0	0	0	0	0	0	0	0	0	0	0	0	0	0	0	0	0	0	0	0	0	0	0	0	0	0	0	0	0	0	0	0	0	0	0	0	0	0	0	0	0	0	0	0	0	0	0	0	0	0	0	0	0	0	0	0	0	0	0	0	0	0	0	0	0	0	0	0	0	0	0	0	0	0	0	0	0	0	0	0	0	0	0	0	0	0	0	0	0	0	0	0	0	0	0	0	0	0	0	0	0	0	0	0	0	0	0	0	0	0	0	0	0	0	0	0	0	0	0	0	0	0	0	0	0	0	0	0	0	0	0	0	0	0	0
family	Main genome;Bacteria;Bacteria (superkingdom);Proteobacteria superphylum;Proteobacteria;Gammaproteobacteria;Pseudomonadales;Pseudomonadaceae	Pseudomonadaceae	0	0	0	0	0	0	0	0	0	2	0	0	0	0	0	0	13	0	5	0	0	0	3	1	0	0	0	0	0	0	0	0	0	0	0	0	5	0	0	0	0	0	0	0	0	0	0	0	0	0	0	6	0	0	0	0	0	1	0	5	0	60	0	0	25	0	14	0	0	0	0	0	0	0	0	0	0	0	0	0	0	0	9	0	0	0	0	0	0	0	0	0	0	0	0	0	0	0	0	0	0	0	3	0	0	0	0	0	0	0	0	0	0	0	0	0	0	28	0	0	0	0	0	0	35	0	0	0	0	0	0	0	0	0	0	0	0	0	0	0	0	0	0	0	0	0	0	0	0
family	Main genome;Bacteria;Bacteria (superkingdom);Proteobacteria superphylum;Proteobacteria;Gammaproteobacteria;Pseudomonadales;Moraxellaceae	Moraxellaceae	0	0	0	0	0	0	0	0	0	0	0	0	0	0	0	0	0	107	0	0	0	0	0	0	0	0	0	65	5	411	2	47	461	8	546	0	0	0	0	0	0	0	0	0	0	0	0	0	0	0	0	0	0	0	0	0	0	0	0	0	0	0	0	0	0	0	0	0	0	0	0	0	0	0	0	0	0	0	0	0	0	0	0	0	0	0	0	0	0	0	0	0	14	0	0	0	0	0	0	0	0	0	0	0	0	0	0	0	0	0	0	3	0	0	0	0	0	0	0	0	0	0	0	0	0	0	0	0	0	0	0	0	0	0	0	0	0	0	0	0	0	0	0	13	0	0	0	0	0
family	Main genome;Bacteria;Bacteria (superkingdom);Proteobacteria superphylum;Proteobacteria;Gammaproteobacteria;Pseudomonadales;Halomonadaceae	Halomonadaceae	0	0	0	0	0	0	0	0	0	0	0	0	0	0	0	0	0	0	0	0	0	0	0	0	0	0	0	0	0	0	0	0	0	0	0	0	0	0	0	0	0	0	0	0	0	0	0	0	0	0	0	0	0	0	0	0	0	0	0	0	0	0	0	0	0	0	0	0	0	0	0	0	0	0	0	0	0	0	0	0	0	0	0	0	0	0	0	0	0	0	0	0	0	0	0	0	0	0	0	0	0	0	0	0	0	0	0	0	0	0	0	0	0	0	0	0	0	0	0	0	0	0	0	0	0	0	0	0	0	0	0	0	0	0	0	0	0	0	0	0	0	0	0	0	0	0	0	0	0
family	Main genome;Bacteria;Bacteria (superkingdom);Proteobacteria superphylum;Proteobacteria;Gammaproteobacteria;Pseudomonadales;Marinomonadaceae	Marinomonadaceae	0	0	0	0	0	0	0	0	0	0	0	0	0	0	0	0	0	0	0	0	0	0	0	0	0	0	0	0	0	0	0	0	0	0	0	0	0	0	0	0	0	0	0	0	0	0	0	0	0	0	0	0	0	0	0	0	0	0	0	0	0	0	0	0	0	0	0	0	0	0	0	0	0	0	0	0	0	0	0	0	0	0	0	0	0	0	0	0	0	0	0	0	0	0	0	0	0	0	0	0	0	0	0	0	0	0	0	0	0	0	0	0	0	0	0	0	0	0	0	0	0	0	0	0	0	0	0	0	0	0	0	0	0	0	0	0	0	0	0	0	0	0	0	0	0	0	0	0	0
family	Main genome;Bacteria;Bacteria (superkingdom);Proteobacteria superphylum;Proteobacteria;Gammaproteobacteria;Pseudomonadales;Porticoccaceae	Porticoccaceae	0	0	0	0	0	0	0	0	0	0	0	0	0	0	0	0	0	0	0	0	0	0	0	0	0	0	0	0	0	0	0	0	0	0	0	0	0	0	0	0	0	0	0	0	0	0	0	0	0	0	0	0	0	0	0	0	0	0	0	0	0	0	0	0	0	0	0	0	0	0	0	0	0	0	0	0	0	0	0	0	0	0	0	0	0	0	0	0	0	0	0	0	0	0	0	0	0	0	0	0	0	0	0	0	0	0	0	0	0	0	0	0	0	0	0	0	0	0	0	0	0	0	0	0	0	0	0	0	0	0	0	0	0	0	0	0	0	0	0	0	0	0	0	0	0	0	0	0	0
family	Main genome;Bacteria;Bacteria (superkingdom);Proteobacteria superphylum;Proteobacteria;Gammaproteobacteria;Pseudomonadales;SAR86 clade	SAR86 clade	5372	5866	7623	7318	5222	6097	6033	1923	916	1667	3005	4117	5152	4427	2322	2747	2182	3063	3260	2034	4338	1872	3222	4727	1853	2558	8476	3538	3792	2825	1996	1959	1398	2025	2196	1655	2506	1620	933	1072	676	4256	5442	3387	1017	838	1469	200	1392	3934	217	1263	444	4405	378	214	996	61	296	1253	138	184	2262	2057	4580	4	378	3285	4125	2549	4296	5613	4916	5494	4057	3299	3805	3383	3256	2680	2425	3070	5035	3811	2455	5454	5493	4822	3369	3395	6287	2937	4239	3862	3779	3086	1686	2292	2496	818	669	1188	4248	447	538	2477	1719	508	150	1318	1892	613	24	3610	2583	3489	4987	1828	1662	5080	5930	12272	7217	8385	9479	2179	1833	1202	3595	2740	537	7182	9200	12410	13500	19544	9873	3098	2142	1683	4365	1936	2413	2582	6376	11695	6586	12471	1838
family	Main genome;Bacteria;Bacteria (superkingdom);Proteobacteria superphylum;Proteobacteria;Gammaproteobacteria;Pseudomonadales;Spongiibacteraceae	Spongiibacteraceae	0	0	0	0	0	0	0	0	0	0	0	0	0	0	0	0	0	0	0	0	0	0	0	0	0	0	0	0	0	0	0	0	0	0	0	0	0	0	0	0	0	0	0	0	0	0	0	0	0	0	0	0	0	0	0	0	0	0	0	0	0	0	0	0	0	0	0	0	0	0	0	0	0	0	0	0	0	0	0	0	0	0	0	0	0	0	0	0	0	0	0	0	0	0	0	0	0	0	0	0	0	0	0	0	0	0	0	0	0	0	0	0	0	0	0	0	0	0	0	0	0	0	0	0	0	0	0	0	0	0	0	0	0	0	0	0	0	0	0	0	0	0	0	0	0	0	0	0	0
family	Main genome;Bacteria;Bacteria (superkingdom);Proteobacteria superphylum;Proteobacteria;Gammaproteobacteria;Pseudomonadales;Pseudohongiellaceae	Pseudohongiellaceae	0	0	0	0	0	0	0	0	0	0	0	0	0	0	0	0	0	0	0	0	0	0	0	0	0	0	0	0	0	0	0	0	0	0	0	0	0	0	0	0	0	0	0	0	0	0	0	0	0	0	0	0	0	0	0	0	0	0	0	0	0	0	0	0	0	0	0	0	0	0	0	0	0	0	0	0	0	0	0	0	0	0	0	0	0	0	0	0	0	0	0	0	0	0	0	0	0	0	0	0	0	0	0	0	0	0	0	0	0	0	0	0	0	0	0	0	0	0	0	0	0	0	0	0	0	0	0	0	0	0	0	0	0	0	0	0	0	0	0	0	0	0	0	0	0	0	0	0	0
family	Main genome;Bacteria;Bacteria (superkingdom);Proteobacteria superphylum;Proteobacteria;Gammaproteobacteria;Pseudomonadales;Nitrincolaceae	Nitrincolaceae	0	0	0	0	0	0	0	0	0	0	0	0	0	0	0	97	24	30	0	0	0	0	0	0	0	0	0	0	13	0	0	0	0	128	0	0	0	0	0	0	0	0	0	0	0	0	0	1711	29757	11248	5570	13705	37286	14022	6396	10232	11437	2097	5585	2608	2306	1322	80	2100	1545	1624	20064	0	0	0	0	0	0	0	0	0	0	0	0	1	0	0	0	0	0	0	0	0	0	0	0	0	0	0	0	0	0	0	0	0	0	0	0	0	0	0	0	0	0	0	0	0	0	0	298	140	0	90	0	0	142	0	0	58	0	508	388	472	402	560	0	0	259	777	461	0	461	0	0	0	0	0	0	0	0	0	0	0	0
family	Main genome;Bacteria;Bacteria (superkingdom);Proteobacteria superphylum;Proteobacteria;Gammaproteobacteria;Pseudomonadales;Saccharospirillaceae	Saccharospirillaceae	0	0	0	0	0	0	0	0	0	0	0	0	0	0	38	0	0	0	0	0	4	0	0	0	2	0	0	0	0	0	0	0	0	0	0	0	0	0	0	0	0	0	0	0	0	0	0	0	0	0	0	395	72	52	0	0	98	0	0	0	0	70	1	2	0	0	46	0	0	0	0	0	0	0	0	0	0	10	0	0	0	0	0	0	0	0	0	0	0	0	0	0	0	0	0	0	0	0	0	0	0	0	0	0	0	0	0	0	0	0	0	0	0	0	0	0	0	0	0	0	0	0	0	0	0	0	50	0	136	0	0	0	0	0	0	0	0	0	0	0	0	0	0	0	0	0	0	0	0
family	Main genome;Bacteria;Bacteria (superkingdom);Proteobacteria superphylum;Proteobacteria;Gammaproteobacteria;Pseudomonadales;Marinobacteraceae	Marinobacteraceae	0	0	0	0	0	0	0	0	0	0	0	0	0	0	0	0	0	0	0	0	0	0	0	0	0	0	0	0	0	0	0	0	0	0	0	0	0	0	0	0	0	0	0	0	0	0	0	0	0	0	0	0	0	0	0	0	0	0	0	0	0	0	0	0	0	0	0	0	0	0	0	0	0	0	0	0	0	0	0	0	0	0	0	0	0	0	0	0	0	0	0	0	0	0	0	0	0	0	0	0	0	0	0	0	0	0	0	0	0	0	0	0	0	0	0	0	0	0	0	0	0	0	0	0	0	0	0	0	0	0	0	0	0	0	0	0	0	0	0	0	0	0	0	0	0	0	0	0	0
family	Main genome;Bacteria;Bacteria (superkingdom);Proteobacteria superphylum;Proteobacteria;Gammaproteobacteria;Pseudomonadales;Alcanivoracaceae1	Alcanivoracaceae1	0	0	0	0	0	0	0	0	0	0	0	0	0	0	0	0	0	0	0	0	0	0	0	0	0	0	0	0	0	0	0	0	0	0	0	0	0	0	0	0	0	0	0	0	0	0	0	0	0	0	0	0	0	0	0	0	0	0	0	0	0	0	0	0	0	0	0	0	0	0	0	0	0	0	0	0	0	0	0	0	0	0	0	0	0	0	0	0	0	0	0	0	0	0	0	0	0	0	0	0	0	0	0	0	0	0	0	0	0	0	0	0	0	0	0	0	0	0	0	0	0	0	0	0	0	0	0	0	0	0	0	0	0	0	0	0	0	0	0	0	0	0	0	0	0	0	0	0	0
family	Main genome;Bacteria;Bacteria (superkingdom);Proteobacteria superphylum;Proteobacteria;Gammaproteobacteria;Pseudomonadales;Cellvibrionaceae	Cellvibrionaceae	0	0	0	0	0	0	0	0	0	0	0	0	0	0	0	18	2	0	0	0	87	0	0	0	0	0	0	0	0	0	0	0	0	0	0	0	0	0	0	0	0	0	0	0	0	0	0	6	0	0	11	90	0	0	2	0	0	0	0	0	0	13	0	0	0	0	0	0	0	0	0	0	0	0	0	0	0	0	0	0	0	0	0	0	0	0	0	0	0	0	0	0	56	0	0	0	0	0	0	0	0	12	0	0	0	0	0	0	0	0	24	0	0	2	42	3	26	204	203	142	18	0	0	0	0	0	0	0	260	0	0	0	0	0	0	0	0	0	21	0	0	0	0	0	0	0	0	0	0
family	Main genome;Bacteria;Bacteria (superkingdom);Proteobacteria superphylum;Proteobacteria;Gammaproteobacteria;Pseudomonadales;Oleiphilaceae	Oleiphilaceae	0	0	0	0	0	0	0	0	0	0	0	0	0	0	0	0	0	0	0	0	0	0	0	0	0	0	0	0	0	0	0	0	0	0	0	0	0	0	0	0	0	0	0	0	0	0	0	0	0	0	0	0	0	0	0	0	0	0	0	0	0	0	0	0	0	0	0	0	0	0	0	0	0	0	0	0	0	0	0	0	0	0	0	0	0	0	0	0	0	0	0	0	0	0	0	0	0	0	0	0	0	0	0	0	0	0	0	0	0	0	0	0	0	0	0	0	0	0	0	0	0	0	0	0	0	0	0	0	0	0	0	0	0	0	0	0	0	0	0	0	0	0	0	0	0	0	0	0	0
family	Main genome;Bacteria;Bacteria (superkingdom);Proteobacteria superphylum;Proteobacteria;Gammaproteobacteria;Pseudomonadales;Halieaceae	Halieaceae	0	0	0	0	0	0	0	0	0	0	0	0	0	0	0	0	0	0	0	0	0	0	0	0	0	0	0	0	0	0	0	0	0	0	0	0	0	0	0	0	0	0	0	0	0	0	0	0	0	0	0	0	0	0	0	0	0	0	0	0	0	0	0	0	0	0	0	0	0	0	0	0	0	0	0	0	0	0	0	0	0	0	0	0	0	0	0	0	0	0	0	0	0	0	0	0	0	0	0	0	0	0	0	0	0	0	0	0	0	0	0	0	0	0	0	0	0	0	0	0	0	0	0	0	0	0	0	0	0	0	0	0	0	0	0	0	0	0	0	0	0	0	0	0	0	0	0	0	0
family	Main genome;Bacteria;Bacteria (superkingdom);Proteobacteria superphylum;Proteobacteria;Gammaproteobacteria;Pseudomonadales;Oceanospirillales	Oceanospirillales	0	0	0	0	0	0	0	0	0	0	0	0	0	0	0	0	0	0	0	0	0	0	0	0	0	0	0	0	0	0	0	0	0	0	0	0	0	0	0	0	0	0	0	0	0	0	0	0	0	0	0	0	0	0	0	0	0	0	0	0	0	0	0	0	0	0	0	0	0	0	0	0	0	0	0	0	0	0	0	0	0	0	0	0	0	0	0	0	0	0	0	0	0	0	0	0	0	0	0	0	0	0	0	0	0	0	0	0	0	0	0	0	0	0	0	0	0	0	0	0	0	0	0	0	0	0	0	0	0	0	0	0	0	0	0	0	0	0	0	0	0	0	0	0	0	0	0	0	0
family	Main genome;Bacteria;Bacteria (superkingdom);Proteobacteria superphylum;Proteobacteria;Gammaproteobacteria;Pseudomonadales;KI89A clade	KI89A clade	327	311	433	279	341	355	507	10	0	0	0	0	0	0	603	746	551	604	669	226	930	206	1	10	30	26	63	453	696	570	492	373	397	426	499	0	143	18	0	0	0	383	420	421	0	91	8	0	0	0	0	0	0	0	0	0	0	0	0	0	0	4	24	0	0	0	0	219	389	140	155	314	0	0	0	0	0	112	158	96	31	202	65	0	0	0	0	0	26	405	211	112	5	455	432	0	8	544	456	0	29	241	290	21	19	427	338	43	30	436	417	28	35	271	532	524	985	1445	1202	135	374	286	368	311	476	154	277	172	578	545	36	55	10	1	212	35	192	0	465	64	733	206	723	119	748	369	746	6	410
family	Main genome;Bacteria;Bacteria (superkingdom);Proteobacteria superphylum;Proteobacteria;Gammaproteobacteria;Pseudomonadales;OM182 clade	OM182 clade	123	22	61	45	86	43	79	23	0	0	0	0	0	26	0	0	0	0	0	0	77	0	0	0	0	0	13	48	24	42	0	0	6	41	18	0	0	0	0	0	0	53	17	40	0	26	0	0	4	0	80	60	34	32	2	27	0	0	21	0	1	32	48	15	0	0	61	137	32	51	69	134	0	0	0	0	0	85	34	60	10	56	77	67	0	0	0	0	0	90	19	0	0	62	151	0	0	60	50	0	3	91	59	0	0	47	17	0	0	22	38	0	0	13	14	77	45	52	49	486	220	288	231	306	282	0	0	0	0	0	0	6	0	0	43	0	0	0	221	0	109	0	45	0	195	0	97	0	33
family	Main genome;Bacteria;Bacteria (superkingdom);Proteobacteria superphylum;Proteobacteria;Gammaproteobacteria;Pseudomonadales;P13-46	P13-46	0	0	0	0	0	0	0	0	0	0	0	0	0	0	0	0	0	0	0	0	0	0	0	0	0	0	0	0	0	0	0	0	0	0	0	0	0	0	0	0	0	0	0	0	0	0	0	0	0	0	101	0	0	0	0	0	0	0	0	0	0	0	0	0	0	0	0	0	0	0	0	0	0	0	0	0	0	0	0	0	0	0	0	0	0	0	0	0	0	0	0	0	0	0	0	0	0	0	0	0	0	0	0	0	0	0	0	0	0	0	0	0	0	0	0	0	0	0	0	0	0	0	0	0	0	0	0	0	0	0	0	0	0	0	0	0	0	0	0	0	0	0	0	0	0	0	0	0	0
family	Main genome;Bacteria;Bacteria (superkingdom);Proteobacteria superphylum;Proteobacteria;Gammaproteobacteria;Burkholderiales;Comamonadaceae	Comamonadaceae	12	0	0	0	0	8	0	13	0	1	2	8	0	0	17	35	10	111	161	148	20	266	1	0	20	0	3	0	51	14	35	0	12	0	18	0	0	4	1	0	9	51	0	0	0	3	1	16	0	0	0	10	0	0	0	7	1	0	28	0	0	31	0	21	0	0	4	0	0	0	0	1	0	1	4	0	0	0	0	6	6	0	0	0	4	32	0	2	12	0	2	1	32	0	0	0	0	11	0	0	0	0	0	6	1	1	8	1	1	14	1	0	0	0	0	68	1	5	1	0	15	8	2	4	5	45	15	0	0	3	24	0	89	0	10	68	0	0	2	16	0	1	26	6	0	22	0	3	2
family	Main genome;Bacteria;Bacteria (superkingdom);Proteobacteria superphylum;Proteobacteria;Gammaproteobacteria;Burkholderiales;Burkholderiaceae	Burkholderiaceae	0	0	0	0	0	0	0	0	0	0	0	0	0	0	0	0	0	0	0	0	0	0	0	0	0	0	0	0	0	0	0	0	0	0	0	0	0	0	0	0	0	0	0	0	0	0	0	0	0	0	0	0	0	0	0	0	0	0	0	0	0	0	0	0	0	0	0	0	0	0	0	0	0	0	0	0	0	0	0	0	0	0	0	0	0	0	0	0	0	0	0	0	0	0	0	0	0	0	0	0	0	0	0	0	0	0	0	0	0	0	0	0	0	0	0	0	0	0	0	0	0	0	0	0	0	0	0	0	0	0	0	0	0	0	0	0	0	0	0	0	0	0	0	0	0	0	0	0	0
family	Main genome;Bacteria;Bacteria (superkingdom);Proteobacteria superphylum;Proteobacteria;Gammaproteobacteria;Burkholderiales;Nitrosomonadaceae	Nitrosomonadaceae	0	0	0	0	0	0	0	0	0	0	0	0	0	0	0	0	0	0	0	0	0	0	0	0	0	0	0	0	0	0	0	0	0	0	0	0	0	0	0	0	0	0	0	0	0	0	0	0	0	0	0	0	0	0	0	0	0	0	0	0	0	0	3	0	0	0	0	0	0	0	0	0	0	0	0	0	0	49	5	1	14	21	83	0	0	0	0	0	0	0	0	0	0	78	91	0	0	94	357	0	17	6	26	1	2	0	0	0	0	0	0	0	0	0	0	0	0	0	4	0	26	236	56	134	6	0	0	0	0	0	0	0	0	0	0	0	0	0	30	2	0	0	0	0	0	0	134	0	90
family	Main genome;Bacteria;Bacteria (superkingdom);Proteobacteria superphylum;Proteobacteria;Gammaproteobacteria;Burkholderiales;Methylophilaceae	Methylophilaceae	0	0	0	0	0	0	0	0	0	0	0	0	0	0	0	0	0	0	0	0	0	0	29	0	0	0	0	0	0	0	0	0	0	0	0	0	0	0	0	0	0	0	0	0	0	0	0	0	0	0	0	0	0	0	0	0	0	0	0	0	0	0	0	0	0	0	6	0	0	0	0	0	0	0	0	0	0	0	0	0	0	0	0	0	0	0	0	0	0	0	0	0	0	0	0	0	0	0	0	0	0	0	0	0	0	0	0	0	0	0	0	0	0	0	0	0	0	0	0	0	0	0	0	0	0	0	0	0	0	0	0	0	0	0	0	0	0	0	0	0	0	0	0	0	0	0	0	0	0
family	Main genome;Bacteria;Bacteria (superkingdom);Proteobacteria superphylum;Proteobacteria;Gammaproteobacteria;Burkholderiales;Alcaligenaceae	Alcaligenaceae	0	0	0	0	0	0	0	0	0	0	0	0	0	0	0	0	0	0	0	0	0	0	0	0	0	0	0	0	0	0	0	0	0	0	0	0	0	0	0	0	0	0	0	0	0	0	0	0	0	0	0	0	0	0	0	0	0	0	0	0	0	0	0	0	0	0	0	0	0	0	0	0	0	0	0	0	0	0	0	0	0	0	0	0	0	0	0	0	0	0	0	0	0	0	0	0	0	0	0	0	0	0	0	0	0	0	0	0	0	0	0	0	0	0	0	0	0	0	0	0	0	0	0	0	0	0	0	0	0	0	0	0	0	0	0	0	0	0	0	0	0	0	0	0	0	0	0	0	0
family	Main genome;Bacteria;Bacteria (superkingdom);Proteobacteria superphylum;Proteobacteria;Gammaproteobacteria;Burkholderiales;Neisseriaceae	Neisseriaceae	0	0	0	0	0	0	0	0	0	0	0	0	0	0	0	0	0	0	0	62	0	0	0	0	0	0	0	0	0	0	0	0	0	0	0	0	0	0	0	0	0	0	0	0	0	0	0	0	0	0	0	0	0	0	0	0	0	0	0	0	0	0	0	0	0	0	0	0	0	0	0	0	0	0	0	0	0	0	0	0	0	0	0	0	0	0	0	0	0	0	0	0	0	0	0	0	0	0	0	0	0	0	0	0	0	0	0	0	0	0	0	0	0	0	0	0	0	0	0	0	0	0	0	0	0	0	0	0	0	0	0	0	0	0	0	0	0	0	0	0	0	0	0	0	0	0	0	0	0
family	Main genome;Bacteria;Bacteria (superkingdom);Proteobacteria superphylum;Proteobacteria;Gammaproteobacteria;Burkholderiales;Oxalobacteraceae	Oxalobacteraceae	0	0	0	0	0	0	0	0	0	0	0	0	0	0	0	0	0	0	0	0	0	0	0	1	0	0	0	0	0	0	0	0	0	0	0	0	0	0	0	0	0	0	0	0	0	0	0	0	0	0	0	0	0	0	0	0	0	0	0	0	0	0	0	16	0	0	0	0	0	0	0	0	0	0	0	0	0	0	0	0	0	0	0	0	0	0	0	0	0	0	0	0	0	0	0	0	0	0	0	0	0	0	0	0	0	0	0	0	0	0	0	0	0	0	0	0	0	0	0	0	0	0	84	0	0	0	0	0	0	0	0	0	0	0	0	0	0	0	0	0	0	0	0	0	0	0	0	0	0
family	Main genome;Bacteria;Bacteria (superkingdom);Proteobacteria superphylum;Proteobacteria;Gammaproteobacteria;Burkholderiales;Rhodocyclaceae	Rhodocyclaceae	0	0	0	0	0	0	0	0	0	0	0	0	0	0	0	0	0	0	0	59	0	0	0	0	0	0	0	0	0	0	0	0	0	0	0	0	0	0	0	0	0	0	0	0	0	0	0	0	0	0	0	0	0	0	0	0	0	0	0	0	0	0	0	0	0	0	0	0	0	0	0	0	0	0	0	0	0	0	0	0	0	0	0	0	0	0	0	0	0	0	0	0	0	0	0	0	0	0	0	0	0	0	0	0	0	0	0	0	0	0	0	0	0	0	0	0	0	0	0	0	0	0	0	0	0	0	0	0	0	0	0	0	0	0	0	0	0	0	0	0	0	0	0	0	0	0	0	0	0
family	Main genome;Bacteria;Bacteria (superkingdom);Proteobacteria superphylum;Proteobacteria;Gammaproteobacteria;Burkholderiales;MWH-UniP1 aquatic group	MWH-UniP1 aquatic group	675	1231	1599	1402	1029	1761	1058	53	12	53	45	0	0	0	1158	1007	915	990	1006	955	1168	362	12	7	15	0	78	2598	1738	1532	1288	1442	1188	1720	2175	5	0	0	0	1	0	875	1160	795	21	3	3	0	0	0	0	0	0	0	1	0	0	0	0	0	0	0	68	141	0	0	0	1252	1200	528	721	1182	139	0	6	0	0	137	108	40	99	37	92	0	0	1	0	0	0	1171	1670	65	1	755	775	0	3	768	886	0	38	12	51	0	0	39	0	14	0	38	0	0	0	0	0	0	196	0	0	348	28	281	340	218	237	0	360	313	245	288	0	0	120	0	0	0	245	4	13	0	56	50	78	0	2227	279	1249	0	675
family	Main genome;Bacteria;Bacteria (superkingdom);Proteobacteria superphylum;Proteobacteria;Gammaproteobacteria;Burkholderiales;Gallionellaceae	Gallionellaceae	0	0	0	0	0	0	0	0	0	0	0	0	0	0	0	0	0	0	0	0	0	0	0	0	0	0	0	0	0	0	0	0	0	0	0	0	0	0	0	0	0	0	0	0	0	0	0	0	0	0	0	0	0	0	0	0	0	0	0	0	0	0	0	0	0	0	0	0	0	0	0	0	0	0	0	0	0	0	0	0	0	0	0	0	0	0	0	0	0	0	0	0	0	0	0	0	0	0	0	0	0	0	0	0	0	0	0	0	0	0	0	0	0	0	0	0	0	0	0	0	0	0	0	0	0	0	0	0	0	0	0	0	0	0	0	0	0	0	0	0	0	0	0	0	0	0	0	0	0
family	Main genome;Bacteria;Bacteria (superkingdom);Proteobacteria superphylum;Proteobacteria;Gammaproteobacteria;Xanthomonadales;Xanthomonadaceae	Xanthomonadaceae	0	0	0	0	0	0	0	0	0	0	0	0	0	0	0	0	0	0	0	0	0	0	0	0	0	0	0	0	0	0	0	0	0	0	0	0	0	0	0	0	0	0	0	0	0	0	0	0	0	0	0	0	0	0	0	0	0	0	0	0	0	0	0	0	0	0	0	0	0	0	0	0	0	0	0	0	0	0	0	0	0	0	0	0	0	0	0	0	0	0	0	0	0	0	0	0	0	0	0	0	0	0	0	0	0	0	0	0	0	0	0	0	0	0	0	0	0	0	0	0	0	0	0	0	0	0	0	0	0	0	0	0	0	0	0	0	0	0	0	0	0	0	0	0	0	0	0	0	0
family	Main genome;Bacteria;Bacteria (superkingdom);Proteobacteria superphylum;Proteobacteria;Gammaproteobacteria;Xanthomonadales;Rhodanobacteraceae	Rhodanobacteraceae	0	0	0	0	0	0	0	0	0	0	0	0	0	0	0	0	0	0	0	0	0	0	180	0	8	0	0	0	0	0	0	0	0	0	0	0	0	0	0	0	0	0	0	0	0	0	0	0	0	0	0	0	0	0	0	0	0	0	0	0	0	0	0	0	0	0	0	0	0	0	0	0	0	0	0	0	0	0	0	0	0	0	0	0	0	0	0	0	0	0	0	0	0	0	0	0	0	0	0	0	0	0	0	0	0	0	0	0	0	0	0	0	0	0	0	0	0	0	0	0	0	122	0	0	0	0	0	0	0	0	0	0	0	0	0	0	0	0	0	0	0	0	0	0	0	0	0	0	0
family	Main genome;Bacteria;Bacteria (superkingdom);Proteobacteria superphylum;Proteobacteria;Gammaproteobacteria;Coxiellales;Coxiellaceae	Coxiellaceae	0	0	0	0	0	0	0	3	0	0	0	0	0	0	0	0	0	0	0	0	0	0	0	0	0	0	0	0	0	0	0	0	0	0	0	0	0	0	0	8	0	23	3	0	91	0	4	0	0	0	0	0	0	0	0	0	47	0	0	0	0	0	0	0	0	0	0	0	0	0	12	0	34	0	0	6	0	48	40	46	52	64	92	59	38	56	16	36	82	0	0	0	39	1	1	8	3	0	0	6	2	6	0	0	0	31	52	48	73	2	12	1	2	0	147	0	0	0	0	68	18	42	9	76	22	0	0	20	11	7	9	697	564	113	219	174	57	13	28	0	39	142	10	6	0	0	0	15	0
family	Main genome;Bacteria;Bacteria (superkingdom);Proteobacteria superphylum;Proteobacteria;Gammaproteobacteria;Halothiobacillales;Thioalkalibacteraceae	Thioalkalibacteraceae	0	0	0	0	0	0	0	0	0	0	0	0	0	0	0	0	0	0	0	0	0	0	0	0	0	0	0	0	0	0	0	0	0	0	0	0	0	0	0	0	0	0	0	0	0	0	0	0	0	0	0	0	0	0	0	0	0	0	0	0	0	0	0	0	0	0	0	0	0	0	0	0	0	0	0	0	0	0	0	0	0	0	0	0	0	0	0	0	0	0	0	0	0	0	0	0	0	0	0	0	0	0	0	0	0	0	0	0	0	0	0	0	0	0	0	0	0	0	0	0	0	0	0	0	0	0	0	0	0	0	0	0	0	0	0	0	0	0	0	0	0	0	0	0	0	0	0	0	0
family	Main genome;Bacteria;Bacteria (superkingdom);Proteobacteria superphylum;Proteobacteria;Gammaproteobacteria;Legionellales;Legionellaceae	Legionellaceae	0	0	0	0	0	0	0	0	0	0	0	0	0	0	0	73	20	0	0	0	0	0	0	0	0	0	0	0	0	0	0	0	0	0	0	0	0	0	0	0	0	0	0	0	0	0	0	2	0	0	0	38	0	0	0	0	0	0	0	0	0	0	0	0	0	0	0	0	0	0	0	0	0	0	0	0	0	4	13	23	12	7	6	0	0	0	0	0	0	0	0	0	0	0	0	0	0	30	2	0	0	0	0	0	0	0	0	0	0	0	0	0	0	0	0	0	0	0	0	0	10	155	10	16	0	0	0	0	0	0	0	0	0	0	0	0	0	0	0	0	0	0	0	0	0	0	0	0	8
family	Main genome;Bacteria;Bacteria (superkingdom);Proteobacteria superphylum;Proteobacteria;Gammaproteobacteria;Salinisphaerales;Solimonadaceae	Solimonadaceae	0	0	0	0	0	0	0	0	0	0	0	0	0	0	0	0	0	0	0	0	0	0	0	0	0	0	0	0	0	0	0	0	0	0	0	0	0	0	0	0	0	0	0	0	0	0	0	0	0	0	0	0	0	0	0	0	0	0	0	0	0	0	0	0	0	0	0	0	0	0	0	0	0	0	0	0	0	0	0	0	0	0	0	0	0	0	0	0	0	0	0	0	0	0	0	0	0	0	0	0	0	0	0	0	0	75	3	4	6	0	0	0	0	0	0	0	0	0	0	0	0	0	0	0	0	0	0	0	0	0	0	0	0	0	0	0	0	0	0	0	120	2	0	0	0	0	0	0	0
family	Main genome;Bacteria;Bacteria (superkingdom);Proteobacteria superphylum;Proteobacteria;Gammaproteobacteria;Salinisphaerales;Salinisphaeraceae	Salinisphaeraceae	0	0	0	0	0	0	0	0	0	0	0	0	0	0	0	0	0	0	0	0	0	0	0	0	0	0	0	0	0	0	0	0	0	0	0	0	0	0	0	0	0	0	0	0	0	0	0	0	0	0	0	0	0	0	0	0	0	0	0	0	0	0	0	0	0	0	0	0	0	0	0	0	0	0	0	0	0	0	0	0	0	0	0	0	0	0	0	0	0	0	0	0	0	0	0	0	0	0	0	0	0	0	0	0	0	0	0	0	0	0	0	0	0	0	0	0	0	0	0	0	0	0	0	0	0	0	0	0	0	0	0	0	0	0	0	0	0	0	0	0	0	0	0	0	0	0	0	0	0
family	Main genome;Bacteria;Bacteria (superkingdom);Proteobacteria superphylum;Proteobacteria;Gammaproteobacteria;Ectothiorhodospirales;Ectothiorhodospiraceae	Ectothiorhodospiraceae	10	1	201	57	99	34	0	0	136	0	0	0	56	0	0	122	74	57	18	0	43	2	13	0	7	11	0	255	102	0	0	44	0	0	0	43	17	15	88	10	109	0	32	33	53	18	4	0	0	0	0	0	0	0	0	0	0	0	0	0	0	0	141	0	0	0	0	52	10	0	0	0	45	1	0	38	19	0	55	14	0	0	1	65	54	15	11	5	0	0	122	33	58	126	100	43	58	0	0	0	0	0	0	0	7	0	0	0	0	0	0	0	0	0	0	0	0	0	0	0	0	0	0	6	2	0	0	162	262	0	0	3	260	42	213	23	206	0	0	0	0	0	0	0	1	133	200	185	0
family	Main genome;Bacteria;Bacteria (superkingdom);Proteobacteria superphylum;Proteobacteria;Gammaproteobacteria;Francisellales;Francisellaceae	Francisellaceae	0	0	0	0	0	0	0	0	0	0	0	0	0	0	0	0	0	0	0	0	0	0	0	0	0	0	0	0	0	0	0	0	0	0	0	0	0	0	0	0	0	0	0	0	0	0	0	0	0	0	0	0	0	0	0	0	0	0	0	0	0	0	0	0	0	0	0	0	0	0	0	0	0	0	0	0	0	0	0	0	0	0	0	0	0	0	0	0	0	0	0	0	0	0	0	0	0	0	0	0	0	0	0	0	0	0	0	0	0	0	0	0	0	0	0	0	0	0	0	0	0	0	0	0	0	0	0	0	0	0	0	0	0	0	0	0	0	0	0	0	0	0	0	0	0	0	0	0	0
family	Main genome;Bacteria;Bacteria (superkingdom);Proteobacteria superphylum;Proteobacteria;Gammaproteobacteria;Competibacterales;Competibacteraceae	Competibacteraceae	0	0	0	0	0	0	0	0	0	0	0	0	0	0	0	0	0	0	0	0	0	0	0	0	0	0	0	0	0	0	0	0	0	0	0	0	0	0	0	0	0	0	0	0	0	0	0	0	0	0	0	0	0	0	0	0	0	0	0	0	0	0	0	0	0	0	0	0	0	0	0	0	0	0	0	0	0	0	0	0	0	0	0	0	0	0	0	0	0	0	0	0	0	0	0	0	0	0	0	0	0	0	0	0	0	0	0	0	0	0	0	0	0	0	0	0	0	0	0	0	0	0	0	0	0	0	0	0	0	0	0	0	0	0	0	0	0	0	0	0	0	0	0	0	0	0	0	0	0
family	Main genome;Bacteria;Bacteria (superkingdom);Proteobacteria superphylum;Proteobacteria;Gammaproteobacteria;Thiomicrospirales;Thiomicrospiraceae	Thiomicrospiraceae	0	0	0	0	0	0	0	0	0	0	0	0	0	0	0	0	0	0	0	0	0	0	0	0	0	0	0	0	0	0	0	0	0	0	0	0	0	0	0	0	0	0	0	0	0	0	0	0	0	0	0	0	0	0	0	0	0	0	0	0	0	0	0	0	0	0	0	0	0	0	0	0	0	0	0	0	0	0	0	0	0	0	0	0	0	0	0	0	0	0	0	0	0	0	0	0	0	0	0	0	0	0	0	0	0	0	0	0	0	0	0	0	0	0	0	0	0	0	0	0	0	0	0	0	0	0	0	0	0	0	0	0	0	0	0	0	0	0	0	0	0	0	0	0	0	0	0	0	0
family	Main genome;Bacteria;Bacteria (superkingdom);Proteobacteria superphylum;Proteobacteria;Gammaproteobacteria;Thiotrichales;Thiotrichaceae	Thiotrichaceae	1707	1314	1623	1879	1282	902	657	1982	2487	1988	2449	1879	1845	1330	99	211	59	228	84	86	368	314	369	290	167	286	952	912	825	811	525	678	109	627	917	1636	1365	2825	1199	1451	1896	590	781	434	1690	1931	1844	150	209	139	854	182	4	265	218	39	184	66	3	123	407	106	39	129	275	0	21	230	454	271	169	513	1669	1443	1288	1109	776	883	1561	1929	997	1784	2085	2913	3106	2712	2127	2348	2725	190	1321	1471	1880	366	616	3048	1946	187	154	1908	787	114	270	841	1282	69	10	112	77	0	52	31	12	0	0	531	427	78	0	1962	3331	1962	1209	1698	1784	680	578	734	762	419	563	8932	10968	15101	20352	19144	12262	6728	220	3134	110	473	2	104	321	5813	651	11768	147
family	Main genome;Bacteria;Bacteria (superkingdom);Proteobacteria superphylum;Proteobacteria;Gammaproteobacteria;Piscirickettsiales;Piscirickettsiaceae	Piscirickettsiaceae	0	0	0	0	0	0	0	0	0	0	0	0	0	0	0	0	0	0	0	0	0	0	0	0	0	0	0	0	0	0	0	0	0	0	0	0	0	0	0	0	0	0	0	0	0	0	0	0	0	0	0	0	0	0	0	0	0	0	0	0	0	0	0	0	0	0	0	0	0	0	0	0	0	0	0	0	0	0	0	0	0	0	0	0	0	0	0	0	0	0	0	0	0	0	0	0	0	0	0	0	0	0	0	0	0	0	0	0	0	0	0	0	0	0	0	0	0	0	0	0	0	0	0	0	0	0	0	0	0	0	0	0	0	0	0	0	0	0	0	0	0	0	0	0	0	0	0	0	0
family	Main genome;Bacteria;Bacteria (superkingdom);Proteobacteria superphylum;Proteobacteria;Gammaproteobacteria;Nitrosococcales;Methylophagaceae	Methylophagaceae	0	0	0	0	0	0	0	0	0	0	0	0	0	0	0	0	0	0	0	0	0	0	0	0	0	0	0	0	0	0	0	0	0	0	0	0	0	0	0	0	0	0	0	0	0	0	0	6	510	196	735	133	208	387	44	10	13	17	34	85	30	40	0	26	0	15	9	0	0	0	0	0	0	0	0	0	0	0	0	0	0	0	0	0	0	0	0	0	0	0	0	0	0	0	0	0	0	0	0	0	0	0	0	0	0	0	0	0	0	0	0	0	0	0	0	0	0	0	0	0	0	0	0	0	0	0	0	0	0	0	0	0	0	0	0	0	0	0	0	0	0	0	0	0	0	0	0	0	0
family	Main genome;Bacteria;Bacteria (superkingdom);Proteobacteria superphylum;Proteobacteria;Gammaproteobacteria;Nitrosococcales;Nitrosococcaceae	Nitrosococcaceae	0	0	0	0	0	0	0	0	0	0	0	0	0	0	210	0	0	0	0	0	0	0	0	0	0	0	0	0	0	0	0	0	0	0	0	0	0	0	0	0	0	0	0	0	0	0	0	0	0	0	0	0	0	0	0	0	0	0	0	0	0	0	0	0	0	0	0	0	0	0	0	0	0	0	0	0	0	0	0	0	0	0	0	0	0	0	0	0	0	0	0	0	0	0	0	0	0	0	0	0	0	0	0	0	0	0	0	0	0	0	0	0	0	0	0	0	0	0	0	0	0	0	0	0	0	0	0	0	0	0	0	0	0	0	0	0	0	0	0	0	0	0	0	0	0	0	0	0	0
family	Main genome;Bacteria;Bacteria (superkingdom);Proteobacteria superphylum;Proteobacteria;Gammaproteobacteria;Steroidobacterales;Woeseiaceae	Woeseiaceae	0	0	0	0	0	0	0	0	0	0	0	0	0	0	0	0	0	0	0	0	0	0	0	0	0	0	0	0	0	0	0	0	0	0	0	0	0	0	0	0	0	0	0	0	0	0	0	0	0	0	0	0	0	0	0	0	0	0	0	0	0	0	0	0	0	0	0	0	0	0	0	0	0	0	0	0	0	0	0	0	0	0	0	0	0	0	0	0	0	0	0	0	0	0	0	0	0	0	0	0	0	0	0	0	0	0	0	0	0	0	0	0	0	0	0	0	0	0	0	0	0	0	0	0	0	0	0	0	0	0	0	0	0	0	0	0	0	0	0	0	0	0	0	0	0	0	0	0	0
family	Main genome;Bacteria;Bacteria (superkingdom);Proteobacteria superphylum;Proteobacteria;Gammaproteobacteria;Arenicellales;Arenicellaceae	Arenicellaceae	0	0	0	0	0	0	0	0	0	0	0	0	0	0	0	0	0	0	0	0	0	0	0	0	0	0	0	0	0	0	0	0	0	0	0	0	0	0	0	0	0	0	0	0	0	0	0	24	0	0	0	0	0	0	0	0	0	0	0	0	0	0	0	0	0	0	0	0	0	0	0	0	0	0	0	0	0	0	0	0	0	0	0	0	0	0	0	0	0	0	0	0	0	0	0	0	0	0	0	0	0	0	0	0	0	0	0	0	0	0	0	0	0	0	0	0	0	0	0	0	0	0	0	0	0	0	0	0	0	0	0	0	0	0	0	0	0	0	0	0	0	0	0	0	0	0	0	0	0
family	Main genome;Bacteria;Bacteria (superkingdom);Proteobacteria superphylum;Proteobacteria;Gammaproteobacteria;Granulosicoccales;Granulosicoccaceae	Granulosicoccaceae	0	0	0	0	0	0	0	0	0	0	0	0	0	0	0	0	0	0	0	0	0	0	0	0	0	0	0	0	0	0	0	0	0	0	0	0	0	0	0	0	0	0	0	0	0	0	0	0	0	0	0	0	0	0	0	0	0	0	0	0	0	0	0	0	0	0	0	0	0	0	0	0	0	0	0	0	0	0	0	0	0	0	0	0	0	0	0	0	0	0	0	0	0	0	0	0	0	0	0	0	0	0	0	0	0	0	0	0	0	0	0	0	0	0	0	0	0	0	0	0	0	0	0	0	0	0	0	0	0	0	0	0	0	0	0	0	0	0	0	0	0	0	0	0	0	0	0	0	0
family	Main genome;Bacteria;Bacteria (superkingdom);Proteobacteria superphylum;Proteobacteria;Gammaproteobacteria;Tenderiales;Tenderiaceae	Tenderiaceae	0	0	0	0	0	0	0	0	0	0	0	0	0	0	0	0	0	0	0	0	0	0	0	0	0	0	0	0	0	0	0	0	0	0	0	0	0	0	0	0	0	0	0	0	0	0	0	0	0	0	0	0	0	0	0	0	0	0	0	0	0	0	0	0	0	0	0	0	0	0	0	0	0	0	0	0	0	0	0	0	0	0	0	0	0	0	0	0	0	0	0	0	0	0	0	0	0	0	0	0	0	0	0	0	0	0	0	0	0	0	0	0	0	0	0	0	0	0	0	0	0	0	0	0	0	0	0	0	0	0	0	0	0	0	0	0	0	0	0	0	0	0	0	0	0	0	0	0	0
family	Main genome;Bacteria;Bacteria (superkingdom);Proteobacteria superphylum;Proteobacteria;Alphaproteobacteria;Sphingomonadales;Sphingomonadaceae	Sphingomonadaceae	86	95	236	265	355	84	74	0	0	4	2	0	19	169	259	84	63	203	23	133	356	196	154	9	48	117	1	105	56	431	31	25	391	124	76	0	83	114	212	0	0	158	270	158	0	0	0	4	16	78	108	0	0	0	54	0	8	0	0	25	0	0	3	74	1338	0	5	49	170	36	25	84	0	0	0	0	0	457	419	495	272	267	668	64	9	100	141	114	6	3	0	26	165	63	53	39	19	134	86	52	0	21	140	108	163	444	360	15	41	933	62	119	52	4683	1572	1485	4353	8262	13425	1929	2379	1668	204	1887	2145	696	688	179	667	156	726	704	159	144	0	2674	595	165	42	328	745	47	1545	481	4	130	93	98	101
family	Main genome;Bacteria;Bacteria (superkingdom);Proteobacteria superphylum;Proteobacteria;Alphaproteobacteria;Rhodospirillales;Rhodospirillaceae	Rhodospirillaceae	9	2	0	0	0	0	0	0	0	0	0	0	0	0	0	0	0	0	0	0	0	0	0	0	0	0	0	6	19	3	0	0	0	2	1	13	0	0	0	0	0	0	13	0	0	0	0	0	0	0	0	0	0	0	0	0	0	0	0	0	0	0	0	0	0	0	0	32	10	0	0	0	16	0	0	0	0	5	4	34	0	3	13	0	0	0	0	0	0	1	20	0	0	249	223	7	39	211	267	1	29	100	85	63	46	29	11	2	6	0	2	0	0	0	0	0	0	3	0	35	30	17	23	2	53	0	0	0	0	0	0	0	0	9	27	0	0	4	180	241	47	6	0	0	0	9	462	27	225
family	Main genome;Bacteria;Bacteria (superkingdom);Proteobacteria superphylum;Proteobacteria;Alphaproteobacteria;Rhodospirillales;Magnetospiraceae	Magnetospiraceae	222	274	386	160	37	257	101	0	0	0	0	0	0	0	0	0	1	0	19	0	0	0	0	0	0	0	0	45	45	28	44	20	3	9	16	0	0	0	0	0	0	255	249	164	10	0	0	0	86	35	52	164	58	54	39	84	29	0	2	0	15	21	28	20	0	33	115	96	69	47	55	15	33	0	0	0	4	492	353	294	183	251	219	5	9	16	0	1	1	190	107	19	0	734	866	1	9	3484	2823	23	233	4718	2960	898	719	3305	2108	3	7	1533	1624	5	1	2243	1932	1982	2310	762	616	1764	1181	1221	1030	936	1147	361	0	164	124	0	0	123	312	35	18	133	76	117	8276	2834	5327	8	2397	32	364	76	1259	0	2721
family	Main genome;Bacteria;Bacteria (superkingdom);Proteobacteria superphylum;Proteobacteria;Alphaproteobacteria;Rhodospirillales;Terasakiellaceae	Terasakiellaceae	0	0	0	0	0	0	0	0	0	0	0	0	0	0	0	0	0	0	0	0	0	0	0	0	0	0	0	62	0	0	0	24	0	1	0	7	4	35	17	0	23	0	0	0	0	0	0	0	0	0	0	0	0	0	0	0	0	0	0	0	0	0	0	0	0	0	0	0	0	0	0	0	0	0	0	0	0	0	0	0	0	0	0	0	0	0	0	0	0	0	0	0	16	0	0	2	0	0	0	0	0	0	42	29	0	0	0	0	0	0	0	25	0	0	0	0	0	0	0	0	0	0	0	0	0	0	0	0	0	0	0	0	0	0	0	0	0	0	0	127	0	0	0	117	0	0	0	11	0
family	Main genome;Bacteria;Bacteria (superkingdom);Proteobacteria superphylum;Proteobacteria;Alphaproteobacteria;Rhodospirillales;Thalassospiraceae	Thalassospiraceae	0	0	0	0	0	0	0	0	0	0	0	0	0	0	0	0	0	0	0	0	0	0	0	0	0	0	0	0	0	0	0	0	0	0	0	0	0	0	0	0	0	0	0	0	0	0	0	0	0	0	0	0	0	0	0	0	0	0	0	0	0	0	0	0	0	0	0	0	0	0	0	0	0	0	0	0	0	0	0	0	0	0	0	0	0	0	0	0	0	0	0	0	0	0	0	0	0	0	0	0	0	0	0	0	0	0	0	0	0	0	0	0	0	0	0	0	0	0	0	0	0	0	0	0	0	0	0	0	0	0	0	0	0	0	0	0	0	0	0	0	0	0	0	0	0	0	0	0	0
family	Main genome;Bacteria;Bacteria (superkingdom);Proteobacteria superphylum;Proteobacteria;Alphaproteobacteria;Rhodospirillales;AEGEAN-169 marine group	AEGEAN-169 marine group	629	544	717	744	240	517	298	127	110	30	14	62	159	14	250	179	106	147	103	35	151	0	4	5	1	0	18	129	161	358	15	165	20	49	66	0	0	1	0	0	0	313	210	121	32	1	25	0	46	1	0	25	45	0	0	0	0	0	0	0	0	0	720	106	23	0	0	239	314	105	103	210	214	32	20	92	10	79	168	190	160	45	277	71	8	66	16	37	58	67	329	186	29	625	299	423	119	445	252	97	197	350	282	269	264	1053	817	535	270	822	1487	584	86	1522	1556	1412	1456	594	865	328	169	429	439	613	387	705	555	442	184	1143	1934	526	115	305	428	476	228	306	698	954	1720	2010	1587	2185	166	747	1001	1550	335
family	Main genome;Bacteria;Bacteria (superkingdom);Proteobacteria superphylum;Proteobacteria;Alphaproteobacteria;Rhizobiales;Xanthobacteraceae	Xanthobacteraceae	0	0	0	0	0	0	0	0	0	0	0	0	0	0	0	0	0	0	0	0	0	0	0	0	0	3	0	0	0	0	0	0	0	0	0	0	0	0	0	0	0	0	0	1	0	45	0	0	0	0	0	0	0	0	0	0	0	0	0	0	0	0	0	0	0	0	0	0	0	0	0	0	0	0	0	0	0	0	0	0	0	0	0	0	0	2	0	0	0	0	0	0	0	0	0	1	0	6	0	0	0	0	0	0	0	0	0	0	0	0	0	0	0	1	0	68	7	5	92	0	0	0	0	40	0	0	0	22	0	0	0	0	0	0	0	0	0	0	0	0	0	0	0	0	0	0	0	15	5
family	Main genome;Bacteria;Bacteria (superkingdom);Proteobacteria superphylum;Proteobacteria;Alphaproteobacteria;Rhizobiales;Rhizobiaceae	Rhizobiaceae	0	0	0	0	0	0	0	0	0	0	0	0	0	0	0	105	20	0	0	0	0	0	0	0	0	0	0	0	0	0	0	0	0	0	0	0	0	0	0	0	0	0	0	0	0	0	0	0	0	0	0	0	0	0	0	0	0	0	0	0	0	0	0	0	0	0	0	0	0	0	0	0	0	0	0	0	0	13	6	8	9	62	30	0	0	0	0	6	7	0	0	0	0	0	0	0	0	0	0	0	0	0	0	0	0	0	0	0	0	0	0	0	0	0	3	642	32	43	638	85	374	60	0	0	4	0	49	7	50	0	135	3	0	2	0	0	98	0	0	0	0	0	0	0	0	0	0	0	0
family	Main genome;Bacteria;Bacteria (superkingdom);Proteobacteria superphylum;Proteobacteria;Alphaproteobacteria;Rhizobiales;Beijerinckiaceae	Beijerinckiaceae	0	0	0	0	0	0	0	0	0	0	0	0	0	0	0	0	0	0	0	0	0	0	0	0	0	0	0	0	0	0	0	0	0	0	0	0	0	0	0	0	0	0	0	0	0	0	0	0	0	0	0	0	0	0	0	0	0	0	0	0	0	0	0	0	0	0	0	0	0	0	0	0	0	0	0	0	0	0	0	0	0	0	0	0	0	0	0	0	0	0	0	0	0	0	0	0	0	0	0	0	0	0	0	0	0	0	0	0	0	0	0	0	0	0	0	0	0	0	0	0	0	0	0	0	0	0	0	0	0	0	0	0	0	0	0	0	0	0	0	0	0	0	0	0	0	0	0	0	0
family	Main genome;Bacteria;Bacteria (superkingdom);Proteobacteria superphylum;Proteobacteria;Alphaproteobacteria;Rhizobiales;Stappiaceae	Stappiaceae	0	8	10	79	11	5	52	0	0	0	0	0	16	0	689	1082	791	1313	1198	1446	519	731	18	3	75	4	119	629	541	999	1258	854	856	2074	1210	174	73	161	0	30	0	446	422	525	85	13	0	0	0	0	0	0	0	0	108	0	0	0	0	0	0	0	0	0	0	0	0	52	36	18	0	47	0	0	0	0	0	2	0	0	0	0	9	0	0	0	0	0	0	0	4	0	56	21	0	0	0	2	2	0	0	0	18	6	7	4	0	0	0	0	0	8	0	0	0	0	0	0	0	50	1	8	3	239	24	50	0	143	468	0	0	0	0	0	0	204	956	0	5	18	4	0	3	17	5	0	41	0	0
family	Main genome;Bacteria;Bacteria (superkingdom);Proteobacteria superphylum;Proteobacteria;Alphaproteobacteria;Rhizobiales;Hyphomicrobiaceae	Hyphomicrobiaceae	0	0	0	0	0	0	0	0	0	0	0	0	0	0	0	0	0	0	0	0	0	0	0	0	0	0	0	0	0	0	0	0	0	0	0	0	0	0	0	0	0	0	0	0	0	0	0	0	0	0	0	0	0	0	0	0	0	0	0	0	0	0	0	0	0	0	0	0	0	0	0	0	0	0	0	0	0	0	0	0	0	0	0	0	0	0	0	0	0	0	0	0	0	0	0	0	0	0	0	0	0	0	0	0	0	0	0	0	0	0	0	0	0	0	0	0	0	0	0	0	0	0	0	0	0	0	0	0	0	0	0	0	0	0	0	0	0	0	0	0	0	0	0	0	0	0	0	0	0
family	Main genome;Bacteria;Bacteria (superkingdom);Proteobacteria superphylum;Proteobacteria;Alphaproteobacteria;Rhizobiales;Devosiaceae	Devosiaceae	0	0	0	0	0	0	0	0	0	0	0	0	0	0	0	0	0	0	0	0	0	0	0	0	0	0	0	0	0	0	0	0	0	0	0	0	0	0	0	0	0	0	0	0	0	0	0	0	0	0	0	0	0	0	0	0	0	0	0	0	0	0	0	0	0	0	0	0	0	0	0	0	0	0	0	0	0	0	0	0	0	0	0	0	0	0	0	0	0	0	0	0	0	0	0	0	0	0	0	0	0	0	0	0	0	0	0	0	0	0	0	0	0	0	0	0	0	0	0	0	0	0	0	0	0	0	0	0	0	0	0	0	0	0	0	0	0	0	0	0	0	0	0	0	0	0	0	0	0
family	Main genome;Bacteria;Bacteria (superkingdom);Proteobacteria superphylum;Proteobacteria;Alphaproteobacteria;Rhizobiales;Methyloligellaceae	Methyloligellaceae	0	0	0	0	0	0	0	0	0	0	0	0	0	0	0	0	0	0	0	75	0	0	0	0	0	0	0	0	0	0	0	0	0	0	0	0	0	0	0	0	0	0	0	0	0	0	0	0	0	0	0	0	0	0	0	0	0	0	0	0	0	0	0	0	0	0	0	0	0	0	0	0	0	0	0	0	0	0	0	0	0	0	0	0	0	0	0	0	0	0	0	0	0	0	0	0	0	0	0	0	0	0	0	0	0	0	0	0	0	0	0	0	0	0	0	0	0	0	0	0	0	0	0	0	0	0	0	0	0	0	0	0	0	0	0	0	0	0	0	0	0	0	0	0	0	0	0	0	0
family	Main genome;Bacteria;Bacteria (superkingdom);Proteobacteria superphylum;Proteobacteria;Alphaproteobacteria;Rickettsiales;Rickettsiaceae	Rickettsiaceae	0	9	0	0	0	0	0	0	0	0	0	0	0	0	0	0	0	0	0	0	0	0	0	0	0	0	0	0	0	0	0	0	0	0	0	0	0	0	0	0	0	0	0	0	0	0	0	0	0	0	0	0	0	0	0	0	0	0	0	0	0	0	0	0	0	0	0	0	0	0	0	0	0	0	0	0	0	0	0	0	0	0	0	0	0	0	0	0	0	0	0	0	0	0	0	0	0	0	0	0	0	0	0	0	0	0	0	0	0	0	0	0	0	0	0	0	0	0	0	0	0	156	0	0	0	0	0	0	0	0	0	0	0	0	0	0	0	0	0	0	0	0	0	0	0	0	0	0	0
family	Main genome;Bacteria;Bacteria (superkingdom);Proteobacteria superphylum;Proteobacteria;Alphaproteobacteria;Rickettsiales;Fokiniaceae	Fokiniaceae	0	0	0	0	0	0	0	0	0	0	0	0	0	0	0	0	0	0	0	0	0	0	0	0	0	0	0	0	0	0	0	0	0	0	0	0	0	0	0	0	0	0	0	0	0	0	0	0	0	0	0	0	0	0	0	0	0	0	0	0	0	0	0	0	0	0	0	0	0	0	0	0	0	0	0	0	0	0	0	0	0	0	0	0	0	0	0	0	0	0	0	0	0	0	0	0	0	0	0	0	0	0	0	0	0	0	0	0	0	0	0	0	0	0	0	0	0	0	0	0	0	0	0	0	0	0	0	0	0	0	0	0	0	0	0	0	0	0	0	0	0	0	0	0	0	0	0	0	0
family	Main genome;Bacteria;Bacteria (superkingdom);Proteobacteria superphylum;Proteobacteria;Alphaproteobacteria;Rickettsiales;S25-593	S25-593	2538	5556	5075	3897	1910	4082	2087	15	18	7	4	0	30	100	3419	5609	2574	2496	3592	1192	5776	1475	135	138	84	29	153	3639	3196	2516	1545	1753	1037	1604	1132	285	230	286	3	104	164	2096	2982	1795	287	174	305	0	9	0	0	98	1	0	0	0	0	8	8	7	0	0	468	134	6	0	87	2022	1160	581	1050	1202	708	20	11	80	2	1326	1826	1504	1086	1013	1562	8	32	8	57	23	6	2970	4057	647	9	2435	2840	114	154	5536	5566	111	521	2252	1641	342	224	624	552	514	537	258	571	442	272	577	539	640	729	349	1101	1726	1884	6031	4210	4568	5684	3812	1279	1524	3956	957	2163	729	142	354	1127	348	1841	399	4033	1074	1052	1991	498	1754	5618	2525	4020	510	4530
family	Main genome;Bacteria;Bacteria (superkingdom);Proteobacteria superphylum;Proteobacteria;Alphaproteobacteria;Rickettsiales;SM2D12	SM2D12	0	0	0	0	0	0	0	0	0	0	0	0	0	0	0	0	0	0	0	0	0	0	0	0	0	0	0	0	0	0	0	0	0	0	0	0	0	0	0	0	0	0	0	0	0	0	0	0	0	0	0	0	0	0	0	0	0	0	0	0	0	0	0	0	0	0	0	0	0	0	0	0	0	0	0	0	0	0	0	0	0	0	0	0	0	0	0	0	0	0	0	0	0	0	0	0	0	0	0	0	0	0	0	0	0	0	0	0	0	0	0	0	0	0	0	0	0	402	0	0	0	0	0	0	0	0	0	0	3	130	0	0	0	0	0	0	0	0	0	0	0	0	0	0	0	0	0	0	0
family	Main genome;Bacteria;Bacteria (superkingdom);Proteobacteria superphylum;Proteobacteria;Alphaproteobacteria;Caulobacterales;Hyphomonadaceae	Hyphomonadaceae	0	0	0	0	0	16	0	0	92	0	0	0	0	0	13	4	77	23	98	54	70	75	0	0	2	0	0	0	0	0	0	0	63	0	1	0	42	0	0	0	0	0	0	0	0	0	0	0	0	0	0	0	0	0	0	0	0	0	0	0	0	0	0	0	0	0	0	0	0	0	46	0	0	0	0	0	0	0	0	0	0	0	0	0	0	0	0	0	0	0	0	0	0	0	2	0	0	1	0	0	0	0	0	3	0	0	0	21	9	0	4	0	0	95	0	0	0	0	0	24	0	0	0	0	0	0	0	0	0	0	0	0	141	166	0	0	0	0	2	11	0	76	0	3	0	0	0	0	0
family	Main genome;Bacteria;Bacteria (superkingdom);Proteobacteria superphylum;Proteobacteria;Alphaproteobacteria;Caulobacterales;Caulobacteraceae	Caulobacteraceae	0	0	0	0	0	0	0	0	0	0	0	0	0	0	0	0	4	22	0	0	0	0	4	2	0	1	2	0	0	0	0	0	0	0	0	0	0	0	0	0	0	2	0	0	0	0	0	0	0	0	0	0	0	0	0	0	0	16	0	0	0	0	0	0	1	0	0	0	0	0	0	0	0	0	0	0	0	25	65	85	19	4	158	0	0	1	0	0	0	0	0	0	0	0	0	0	0	0	0	0	0	0	0	0	0	0	0	0	0	0	0	0	0	72	0	1483	54	534	969	42	88	0	0	7	0	0	0	74	8	69	167	63	0	0	0	255	0	0	0	0	0	0	0	0	0	0	0	0	0
family	Main genome;Bacteria;Bacteria (superkingdom);Proteobacteria superphylum;Proteobacteria;Alphaproteobacteria;Caulobacterales;Parvularculaceae	Parvularculaceae	0	0	0	0	0	0	0	0	0	0	0	0	0	0	0	0	0	0	0	0	0	0	0	0	0	0	0	0	0	0	0	0	0	0	0	0	0	0	0	0	0	0	0	0	0	0	0	0	0	0	0	0	0	0	0	0	0	0	0	0	0	0	0	0	0	0	0	0	0	0	0	0	0	0	0	0	0	0	0	0	0	0	0	0	0	0	0	0	0	0	0	0	0	0	0	0	0	0	0	0	0	0	0	0	0	0	0	0	0	0	0	0	0	0	0	0	0	0	0	0	0	0	0	0	0	0	0	0	0	0	0	0	0	0	0	0	0	0	0	0	0	0	0	0	0	0	0	0	0
family	Main genome;Bacteria;Bacteria (superkingdom);Proteobacteria superphylum;Proteobacteria;Alphaproteobacteria;Rhodobacterales;Rhodobacteraceae	Rhodobacteraceae	3599	5238	5653	5868	5446	7348	8244	1030	464	871	735	284	186	113	8674	14024	13941	19512	15092	13497	13755	16303	100	100	564	254	645	14285	20152	14887	18049	19281	17272	21056	18248	48	632	75	2	127	21	19718	24273	19702	328	451	82	39994	23004	42097	17444	28910	91008	50336	100764	107237	65406	2935	4413	15131	2863	1768	3449	4731	6403	7187	14401	7184	7835	5226	8036	11704	457	48	90	111	27	4363	2840	3991	2976	2367	5662	302	79	66	402	60	46	6356	8567	1160	1047	4574	6206	71	144	4682	5156	22	671	859	2004	917	1381	298	278	24	14	493	226	333	33	451	812	970	274	507	1303	4358	5679	17154	7985	13771	12262	2588	3201	1936	8438	2159	1656	1444	428	1585	5555	3873	6703	89	1498	3330	533	105	847	1373	11536	4894	8171	338	4112
family	Main genome;Bacteria;Bacteria (superkingdom);Proteobacteria superphylum;Proteobacteria;Alphaproteobacteria;Puniceispirillales;SAR116 clade	SAR116 clade	11495	15404	17779	18783	13687	14724	14062	292	74	239	121	46	74	16	14384	14490	10209	9022	17070	5224	17742	5809	127	144	526	297	951	17248	16978	16667	9721	8799	7768	11965	9833	957	674	623	80	86	167	12158	15148	9342	250	375	520	171	1158	3283	362	857	572	5957	738	534	865	96	179	588	646	148	1862	1467	156	268	907	10673	8733	4557	7648	9264	2034	68	39	319	5	5340	8528	6628	4596	5389	10018	45	364	117	8	213	12	12089	14062	2625	147	5753	5967	172	222	4806	6103	34	448	1429	2676	198	266	414	171	30	0	32	45	45	9	173	902	569	241	1103	847	4442	7664	24663	14063	16778	16546	2516	1625	1276	6432	2093	314	3879	1419	1110	2297	2625	5063	148	2341	682	689	76	65	184	21450	10049	9664	603	3734
family	Main genome;Bacteria;Bacteria (superkingdom);Proteobacteria superphylum;Proteobacteria;Alphaproteobacteria;Kiloniellales;Kiloniellaceae	Kiloniellaceae	0	0	0	0	0	0	0	0	0	0	0	0	0	0	0	155	42	0	0	0	0	0	0	0	0	0	0	0	0	0	0	0	0	0	0	0	0	0	0	0	0	0	0	0	0	0	0	0	0	0	0	0	0	0	0	0	0	0	0	0	0	0	0	0	0	0	0	0	0	0	0	0	0	0	0	0	0	0	0	0	0	0	0	0	0	0	0	0	0	0	0	0	20	0	0	0	0	0	0	0	0	159	187	47	28	84	216	0	0	13	0	0	0	0	0	0	0	0	8	78	0	0	0	0	0	0	0	0	0	0	0	0	0	0	0	0	0	0	279	172	126	0	24	9	0	0	0	0	0
family	Main genome;Bacteria;Bacteria (superkingdom);Proteobacteria superphylum;Proteobacteria;Alphaproteobacteria;Pelagibacterales;Clade II	Clade II	125	109	97	104	58	119	118	106	82	114	41	94	107	58	84	1	14	17	23	58	58	5	79	37	27	56	214	16	7	33	13	3	2	73	7	374	216	285	356	553	459	42	72	16	173	149	265	24	268	226	597	283	210	363	51	73	180	91	101	241	358	201	100	389	42	7	218	12	8	0	12	14	111	100	43	52	38	146	219	184	73	251	279	517	560	364	182	336	388	21	194	94	65	380	359	1077	579	1369	834	2165	1152	991	1077	1128	1368	2335	1474	1407	1029	980	1535	663	400	830	968	720	661	1074	1217	1545	477	784	508	424	469	1147	795	1132	580	1756	4240	2449	2050	1752	2691	2471	1649	8270	1727	4333	3848	5700	1661	3030	41	376	534	4409	1109
family	Main genome;Bacteria;Bacteria (superkingdom);Proteobacteria superphylum;Proteobacteria;Alphaproteobacteria;Pelagibacterales;Clade III	Clade III	803	475	778	268	164	436	221	133	315	224	259	218	238	317	1279	1924	1392	1543	1803	702	2469	740	3072	3839	1908	2702	5918	517	141	363	29	213	113	119	383	1474	1154	1852	1460	1644	1669	231	270	258	248	214	513	38	123	404	154	181	281	391	217	257	437	107	32	277	427	158	39	187	38	46	437	139	32	106	10	67	455	230	136	257	123	97	17	61	12	72	54	3	39	68	19	53	59	153	540	433	138	60	151	248	57	34	1	125	89	2	104	0	1	1	0	0	0	0	0	0	0	459	0	64	0	431	0	398	44	244	128	175	74	221	45	566	299	702	0	650	711	189	577	738	1611	486	1	0	0	0	0	2	317	1873	124	1232	15
family	Main genome;Bacteria;Bacteria (superkingdom);Proteobacteria superphylum;Proteobacteria;Alphaproteobacteria;Pelagibacterales;Clade IV	Clade IV	306	366	353	250	252	180	169	114	470	67	492	183	267	182	16	167	109	58	174	153	229	111	95	107	35	36	312	1195	1567	1228	586	681	662	1143	819	2488	1464	2066	592	854	973	1195	1580	522	716	581	996	0	98	82	225	85	35	119	0	83	3	61	7	70	9	66	118	62	0	13	29	16	0	62	43	87	224	174	177	164	54	252	337	481	313	299	544	548	793	665	238	526	622	50	251	231	388	202	276	769	417	123	85	367	211	46	65	58	57	117	87	33	16	145	198	210	48	182	148	156	213	337	102	476	606	390	522	511	326	217	531	192	258	531	167	925	1008	2542	2853	3834	1538	1258	85	200	199	140	225	823	78	949	394	2687	111
family	Main genome;Bacteria;Bacteria (superkingdom);Proteobacteria superphylum;Proteobacteria;Alphaproteobacteria;Pelagibacterales;Clade Ib	Clade Ib	2560	1964	3049	3374	1595	1368	1377	1755	1598	1779	2179	2725	2740	2751	10	0	0	0	136	0	0	0	16	44	0	0	0	0	0	0	0	273	0	119	167	0	169	0	6	0	13	0	0	0	0	0	0	68	0	0	0	0	0	115	209	0	15	0	0	6	0	0	568	168	1829	142	128	1048	1539	503	1149	724	3023	3110	3330	2946	3381	965	485	634	464	816	872	1035	624	1284	1768	1235	1003	517	2261	1281	2516	281	365	788	420	61	52	271	186	53	182	76	33	137	59	88	111	7	197	59	25	378	0	26	85	82	574	933	1209	1287	775	1236	2532	546	0	163	927	372	216	3848	4169	3216	4715	4518	3190	1067	59	263	204	363	0	381	1062	5192	449	3259	102
family	Main genome;Bacteria;Bacteria (superkingdom);Proteobacteria superphylum;Proteobacteria;Alphaproteobacteria;Alphaproteobacteria Incertae Sedis;Acuticoccus family incertae sedis	Acuticoccus family incertae sedis	0	0	0	0	0	0	0	0	0	0	0	0	0	0	0	0	0	0	0	0	0	0	0	0	0	0	0	0	0	0	0	0	0	0	0	0	0	0	0	0	0	0	0	0	0	0	0	0	0	0	0	0	0	0	0	0	0	0	0	0	0	0	0	0	0	0	0	0	0	0	0	0	0	0	0	0	0	0	0	0	0	0	0	0	0	0	0	0	0	0	0	0	0	0	0	0	0	0	0	0	0	0	0	0	0	0	0	0	0	0	0	0	0	0	0	0	0	0	0	0	0	0	0	0	0	0	0	0	0	0	0	0	0	0	0	0	0	0	0	0	0	0	0	0	0	0	0	0	0
family	Main genome;Bacteria;Bacteria (superkingdom);Proteobacteria superphylum;Proteobacteria;Alphaproteobacteria;Thalassobaculales;Oceanibaculaceae	Oceanibaculaceae	0	0	0	0	0	0	0	0	0	0	0	0	0	0	0	0	0	0	0	0	0	0	0	0	0	0	0	0	0	0	0	0	0	0	0	0	0	0	0	0	0	0	0	0	0	0	0	0	0	0	0	0	0	0	0	0	0	0	0	0	0	0	0	0	0	0	0	0	0	0	0	0	0	0	0	0	0	0	0	0	0	0	0	0	0	0	0	0	0	0	0	0	0	0	0	0	0	0	0	0	0	0	0	0	0	0	0	0	0	0	0	0	0	0	0	0	0	0	0	0	0	0	0	0	0	0	0	0	0	0	0	0	0	0	0	0	0	0	0	0	0	0	0	0	0	0	0	0	0
family	Main genome;Bacteria;Bacteria (superkingdom);Proteobacteria superphylum;Proteobacteria;Alphaproteobacteria;Thalassobaculales;Nisaeaceae	Nisaeaceae	0	0	0	0	0	0	0	0	0	0	0	0	0	0	0	0	0	0	0	0	0	0	0	0	0	0	0	0	0	0	0	0	0	0	0	0	0	0	0	0	0	0	0	0	0	0	0	0	0	0	0	0	0	0	0	0	0	0	0	0	0	0	0	0	0	0	0	0	0	0	0	0	0	0	0	0	0	0	0	0	0	0	0	0	0	0	0	0	0	0	0	0	0	0	0	0	0	0	0	0	0	24	9	4	21	57	47	0	0	11	14	0	0	0	0	0	0	0	0	36	0	0	0	0	0	0	0	0	0	0	0	0	0	0	0	0	0	0	44	7	108	0	17	0	0	0	0	0	0
family	Main genome;Bacteria;Bacteria (superkingdom);Proteobacteria superphylum;Proteobacteria;Alphaproteobacteria;Sneathiellales;Sneathiellaceae	Sneathiellaceae	0	0	0	0	0	0	0	0	0	0	0	0	0	0	0	0	0	0	0	0	0	0	0	0	0	0	0	0	0	0	0	0	0	0	0	0	0	0	0	0	0	0	0	0	0	0	0	0	0	0	0	0	0	0	0	0	0	0	0	0	0	0	0	0	0	0	0	0	0	0	0	0	0	0	0	0	0	0	0	0	0	0	0	0	0	0	0	0	0	0	0	0	0	0	0	0	0	0	0	0	0	9	11	0	1	139	144	2	3	5	215	6	0	4	0	0	18	9	18	5	0	0	0	0	0	0	0	1	0	0	0	0	0	0	0	0	0	0	8	0	237	14	16	30	0	0	0	0	0
family	Main genome;Bacteria;Bacteria (superkingdom);Proteobacteria superphylum;Proteobacteria;Alphaproteobacteria;Tistrellales;Tistrellaceae	Tistrellaceae	0	0	0	0	0	0	0	0	0	0	0	0	0	0	0	0	0	0	0	0	0	0	0	0	0	0	0	0	0	0	0	0	0	0	0	0	0	0	0	0	0	0	0	0	0	0	0	0	0	0	0	0	0	0	0	0	0	0	0	0	0	0	0	0	0	0	0	0	0	0	0	0	0	0	0	0	0	0	0	0	0	0	0	0	0	0	0	0	0	0	0	0	0	0	0	0	0	0	0	0	0	0	0	0	0	0	0	0	0	0	0	0	0	0	0	0	0	0	0	0	0	0	0	0	0	0	0	0	0	0	0	0	0	0	0	0	0	0	0	0	0	0	0	0	0	0	0	0	0
family	Main genome;Bacteria;Bacteria (superkingdom);Proteobacteria superphylum;Proteobacteria;Alphaproteobacteria;Caedibacterales;Caedibacteraceae	Caedibacteraceae	0	0	0	0	0	0	0	0	0	0	0	0	0	0	58	0	0	0	0	0	3	0	0	0	0	0	0	0	0	0	0	0	0	0	0	0	0	0	0	0	0	0	0	0	0	0	0	0	0	0	0	0	0	0	0	0	0	0	0	0	0	0	0	0	0	0	0	0	0	0	0	0	0	0	0	0	0	0	0	0	0	0	0	0	0	0	0	0	0	0	0	0	0	0	0	0	0	0	0	0	0	0	0	0	0	0	0	0	0	0	0	0	0	0	0	0	0	0	0	0	0	0	0	0	0	0	0	0	0	0	0	0	0	0	0	0	0	0	0	0	0	0	0	0	0	0	0	0	0
family	Main genome;Bacteria;Bacteria (superkingdom);Proteobacteria superphylum;Proteobacteria;Alphaproteobacteria;Parvibaculales;Parvibaculaceae	Parvibaculaceae	34	74	128	6	51	57	19	0	0	0	0	0	6	0	0	0	0	0	0	0	0	0	0	0	0	0	0	117	188	108	126	9	46	15	33	38	2	19	0	3	6	73	26	88	0	25	8	0	0	0	0	0	0	0	0	0	0	0	0	43	0	0	21	0	86	0	0	15	0	5	0	2	10	3	3	58	2	28	30	39	1	85	73	61	0	3	20	24	21	8	44	73	7	66	4	96	52	12	25	2	20	39	35	0	2	0	0	0	0	0	0	1	0	0	0	0	0	0	0	189	221	50	37	19	115	0	0	0	0	0	0	3	0	80	118	92	85	12	65	0	0	0	0	0	29	302	99	305	18
family	Main genome;Bacteria;Bacteria (superkingdom);Proteobacteria superphylum;Proteobacteria;Alphaproteobacteria;Parvibaculales;PS1 clade	PS1 clade	1295	1540	2006	1988	1033	1616	1297	1368	990	786	1038	1793	2489	1552	2538	2166	1597	1493	2184	720	2578	774	503	1683	181	152	1693	1144	1219	712	521	727	518	786	753	977	668	1231	390	337	884	2800	5267	2261	9453	8674	7212	0	0	3	12	7	0	0	116	0	0	51	89	2	5	2	43	4	858	0	15	1001	574	403	490	762	2755	2776	2024	1305	3052	91	59	123	51	43	125	462	401	499	591	887	533	744	1379	1237	1454	174	249	271	143	5	0	1	2	182	226	0	0	2	0	7	7	3	0	8	0	6	190	0	0	111	358	280	490	332	276	577	213	181	1218	529	1493	262	817	978	2075	1287	1562	1418	1507	10	288	0	0	29	0	38	1386	4667	292	1012	0
family	Main genome;Bacteria;Bacteria (superkingdom);Proteobacteria superphylum;Proteobacteria;Alphaproteobacteria;Parvibaculales;OCS116 clade	OCS116 clade	424	387	520	486	257	395	210	62	59	0	4	2	105	5	0	7	1	2	56	5	38	0	1	4	1	0	0	170	308	245	41	43	170	80	151	162	103	181	129	20	13	800	808	501	44	112	214	0	136	19	132	199	54	62	9	12	7	1	0	6	53	62	349	178	0	0	1	279	226	45	53	209	497	65	23	153	2	1804	2919	2211	1469	1465	3133	962	1932	2203	375	963	1092	182	470	324	27	3664	2857	3699	2686	7291	4350	4721	4501	1487	1687	1199	1802	1975	1706	1147	1319	764	1198	837	125	165	514	361	805	470	682	6159	6819	7247	4466	3838	4377	845	399	548	296	867	3131	4413	4776	8120	9529	9912	6484	16425	2714	4240	3443	4523	1318	3402	318	1307	6609	13911	6214
family	Main genome;Bacteria;Bacteria (superkingdom);Proteobacteria superphylum;Proteobacteria;Alphaproteobacteria;Defluviicoccales;Defluviicoccaceae	Defluviicoccaceae	0	0	0	0	0	0	0	0	0	0	0	0	0	0	0	0	0	0	0	0	0	0	0	0	0	0	0	0	0	0	0	0	0	0	0	0	0	0	0	0	0	0	0	0	0	0	0	0	0	0	0	0	0	0	0	0	0	0	0	0	0	0	0	0	0	0	0	0	0	0	0	0	0	0	0	0	0	0	0	0	0	0	0	0	0	0	0	0	0	0	0	0	0	0	0	0	0	0	0	0	0	0	0	0	0	0	0	0	0	0	0	0	0	0	0	0	0	0	0	0	0	0	0	0	0	0	0	0	0	0	0	0	0	0	0	0	0	0	0	0	0	0	0	0	0	0	0	0	0
family	Main genome;Bacteria;Bacteria (superkingdom);Proteobacteria superphylum;Proteobacteria;Alphaproteobacteria;Micavibrionales;Micavibrionaceae	Micavibrionaceae	0	0	0	0	0	0	0	0	0	0	0	0	0	3	0	113	18	0	0	0	0	0	0	0	0	0	0	0	0	0	0	0	1	7	18	0	0	48	0	0	0	0	0	0	0	0	0	0	0	0	0	0	0	0	0	0	0	0	0	0	0	0	0	0	0	0	0	0	8	0	0	0	22	0	0	0	0	0	0	0	0	0	0	0	0	0	0	0	0	25	0	0	21	0	0	0	0	0	0	0	0	0	0	32	24	0	4	1	0	0	0	0	0	0	0	0	0	0	7	0	0	0	0	0	0	0	0	0	211	0	16	0	0	0	0	0	0	0	0	125	0	4	0	5	62	0	0	0	0
family	Main genome;Bacteria;Bacteria (superkingdom);Proteobacteria superphylum;Proteobacteria;Alphaproteobacteria;Kordiimonadales;Kordiimonadaceae	Kordiimonadaceae	0	0	0	0	0	0	0	0	0	0	0	0	0	0	158	0	0	0	0	0	0	0	0	0	0	0	0	0	0	0	0	0	0	0	0	0	0	0	0	0	0	0	0	0	0	0	0	0	0	0	0	0	0	0	0	0	0	0	0	0	0	0	0	0	0	0	0	0	0	0	0	0	0	0	0	0	0	0	0	0	0	0	0	0	0	0	0	0	0	0	0	0	0	0	0	0	0	0	0	0	0	0	0	0	0	0	0	0	0	0	0	0	0	0	0	0	0	0	0	0	0	0	0	0	0	0	0	0	0	0	0	0	0	0	231	0	0	0	0	0	0	0	0	0	0	0	0	0	0
family	Main genome;Bacteria;Bacteria (superkingdom);Proteobacteria superphylum;Desulfobacterota;Desulfovibrionia;Desulfovibrionales;Desulfovibrionaceae	Desulfovibrionaceae	0	0	0	0	0	0	0	0	0	0	0	0	0	0	0	0	0	0	0	0	0	0	0	0	0	0	0	48	0	0	0	0	0	0	0	0	0	0	0	0	0	0	0	0	0	0	0	0	0	0	0	0	0	0	0	0	0	0	0	0	0	0	0	0	0	0	0	0	0	0	0	0	0	0	0	0	0	0	0	0	0	0	0	0	0	0	0	0	0	0	0	0	0	0	0	0	0	0	0	0	0	0	0	0	0	0	0	0	0	0	0	0	0	0	0	0	0	0	0	0	0	0	0	0	0	0	0	0	0	0	0	0	0	0	0	0	0	0	0	0	0	0	0	0	0	0	0	0	0
family	Main genome;Bacteria;Bacteria (superkingdom);Proteobacteria superphylum;Desulfobacterota;Desulfovibrionia;Desulfovibrionales;Desulfohalobiaceae	Desulfohalobiaceae	0	0	0	0	0	0	0	0	0	0	0	0	0	0	0	0	0	0	0	0	0	0	0	0	0	0	0	0	0	0	0	0	0	0	0	0	0	0	0	0	0	0	0	0	0	0	0	0	0	0	0	0	0	0	0	0	0	0	0	0	0	0	0	0	0	0	0	0	0	0	0	0	0	0	0	0	0	0	0	0	0	0	0	0	0	0	0	0	0	0	0	0	0	0	0	0	0	0	0	0	0	0	0	0	0	0	0	0	0	0	0	0	0	0	0	0	0	0	0	0	0	0	0	0	0	0	0	0	0	0	0	0	0	0	0	0	0	0	0	0	0	0	0	0	0	0	0	0	0
family	Main genome;Bacteria;Bacteria (superkingdom);Proteobacteria superphylum;Desulfobacterota;Desulfuromonadia;Desulfuromonadales;Sva1033	Sva1033	0	0	0	0	0	0	0	0	0	0	0	0	0	0	0	0	0	0	0	0	0	0	0	0	0	0	0	0	0	0	0	0	0	0	0	0	0	0	0	0	0	0	0	0	0	0	0	0	0	0	0	0	0	0	0	0	0	0	0	0	1	0	0	0	0	0	0	0	0	0	0	0	0	0	0	0	0	0	17	0	0	0	0	0	0	0	0	0	0	0	0	0	0	145	49	0	0	0	0	0	0	0	0	0	0	0	0	0	0	0	0	0	0	0	0	0	0	0	0	0	0	0	0	0	0	0	0	0	0	0	0	0	0	0	0	0	0	0	0	0	0	0	0	0	0	0	227	0	0
family	Main genome;Bacteria;Bacteria (superkingdom);Proteobacteria superphylum;Myxococcota;Myxococcia;Myxococcales;Myxococcaceae	Myxococcaceae	0	0	0	0	0	0	0	0	0	0	0	0	0	0	0	0	0	0	0	0	0	0	0	0	0	0	0	0	0	0	0	0	0	0	0	0	0	0	0	0	0	0	0	0	0	0	0	0	0	0	0	0	0	0	0	0	0	0	0	0	0	0	0	0	0	0	0	0	0	0	0	0	0	0	0	0	0	0	0	0	0	0	0	0	0	0	0	0	0	0	0	0	0	0	0	0	0	0	0	0	0	9	1	0	0	42	60	0	0	94	135	0	0	72	77	88	20	11	131	55	0	0	0	0	0	0	8	0	0	0	0	0	0	0	0	0	0	0	13	0	41	0	169	0	0	0	0	0	0
family	Main genome;Bacteria;Bacteria (superkingdom);Proteobacteria superphylum;Myxococcota;Polyangia;Haliangiales;Haliangiaceae	Haliangiaceae	0	0	0	0	0	0	0	0	0	0	0	0	0	0	0	0	0	0	0	0	0	0	0	0	0	0	0	0	0	0	0	0	0	0	0	0	0	0	0	0	0	0	0	0	0	0	0	0	0	0	0	0	0	0	0	0	0	0	0	0	0	0	0	0	0	0	0	0	0	0	0	0	0	0	0	0	0	0	0	0	0	0	0	0	0	0	0	0	0	0	0	0	0	0	0	0	0	0	0	0	0	0	0	0	0	0	0	0	0	0	0	0	0	0	0	0	0	0	0	0	0	0	0	0	0	0	0	0	0	0	0	0	0	0	0	0	0	0	0	0	0	0	0	0	0	0	0	0	0
family	Main genome;Bacteria;Bacteria (superkingdom);Proteobacteria superphylum;Myxococcota;Polyangia;Nannocystales;Nannocystaceae	Nannocystaceae	4	0	20	2	22	7	10	0	0	0	0	0	0	0	0	0	0	0	0	0	0	0	0	0	0	0	0	0	0	0	0	0	0	0	0	0	0	0	0	0	0	0	0	0	0	0	0	0	0	0	0	0	0	0	0	0	0	0	0	0	0	0	131	92	0	0	0	63	20	13	2	0	0	0	0	0	0	47	79	63	34	209	103	0	0	0	0	0	0	2	1	0	0	12	1	0	0	6	72	0	0	21	33	0	0	28	1	19	27	7	17	0	0	0	4	6	0	21	20	56	9	105	17	179	207	0	0	0	0	0	0	0	0	0	35	0	0	0	45	0	37	99	10	0	1	0	35	0	9
family	Main genome;Bacteria;Bacteria (superkingdom);Proteobacteria superphylum;Myxococcota;Polyangia;Polyangiales;Sandaracinaceae	Sandaracinaceae	2	61	0	1	8	7	4	0	0	0	1	0	0	0	0	0	0	0	0	0	0	0	0	0	0	0	0	31	93	23	48	64	18	29	12	0	0	0	0	0	0	1	0	0	0	0	0	0	0	0	0	0	0	0	0	0	0	0	0	0	0	0	22	0	0	0	0	0	0	2	21	8	0	0	0	0	0	63	109	76	64	88	113	0	0	1	0	0	0	5	12	0	0	62	55	0	0	47	179	0	0	59	29	0	0	63	38	0	0	2	5	0	0	9	0	17	43	0	60	71	476	193	112	91	55	0	177	0	0	0	0	0	43	0	0	0	0	0	93	0	112	0	5	0	13	0	91	0	36
family	Main genome;Bacteria;Bacteria (superkingdom);Proteobacteria superphylum;Myxococcota;Polyangia;Polyangiales;BIrii41	BIrii41	0	0	6	1	8	0	0	0	0	0	0	0	0	0	0	6	0	5	1	0	8	0	0	0	0	0	0	0	0	0	0	0	0	0	0	0	0	0	0	0	0	0	0	0	0	0	0	0	0	0	0	0	0	0	0	0	0	0	0	0	0	0	0	0	0	0	0	0	0	1	0	0	0	0	0	0	0	5	0	3	0	2	0	0	0	0	0	0	0	1	8	0	0	1	1	0	0	25	13	0	0	52	5	0	0	35	0	0	0	0	0	0	4	1	0	0	2	20	91	2	0	66	85	7	0	0	0	0	0	0	1	0	0	0	0	0	0	0	110	0	65	0	0	0	3	0	0	0	14
family	Main genome;Bacteria;Bacteria (superkingdom);Proteobacteria superphylum;Myxococcota;Polyangia;Polyangiales;Eel-36e1D6	Eel-36e1D6	0	0	0	0	3	0	0	0	0	0	0	0	0	0	0	0	0	0	0	0	0	0	0	0	0	0	0	0	0	0	0	0	0	0	0	0	0	0	0	0	0	0	0	0	0	0	0	0	0	0	0	0	0	0	0	0	0	0	0	0	0	0	0	0	0	0	0	0	0	0	0	0	0	0	0	0	0	88	42	15	19	80	8	0	0	0	0	0	0	0	16	0	0	63	94	0	0	55	24	0	0	112	21	0	0	0	48	0	0	0	0	0	0	97	7	8	102	15	6	41	75	133	16	79	7	0	0	0	0	0	0	0	5	0	0	0	0	0	171	0	0	0	0	0	0	0	82	0	47
family	Main genome;Bacteria;Bacteria (superkingdom);Proteobacteria superphylum;Bdellovibrionota;Bdellovibrionia;Bacteriovoracales;Bacteriovoracaceae	Bacteriovoracaceae	205	216	101	346	174	133	193	18	11	5	0	0	13	0	75	1	7	0	6	7	13	36	4	0	0	5	75	306	156	87	3	3	80	81	50	225	209	254	39	98	90	120	70	36	0	0	4	0	0	0	0	0	0	0	100	0	0	0	0	5	0	0	104	91	251	0	0	144	57	8	98	45	148	35	150	170	34	1018	1196	784	803	673	827	152	39	158	201	86	57	102	236	128	34	780	501	368	296	799	846	171	80	382	380	16	52	205	122	8	22	192	115	14	4	656	111	607	688	701	1000	1694	596	3742	2224	1989	3108	125	39	420	842	622	292	1083	652	644	130	482	374	578	665	71	368	15	323	86	192	527	1354	1488	745
family	Main genome;Bacteria;Bacteria (superkingdom);Proteobacteria superphylum;Bdellovibrionota;Bdellovibrionia;Bdellovibrionales;Bdellovibrionaceae	Bdellovibrionaceae	17	0	1	42	11	12	1	3	0	0	0	0	0	0	0	0	0	0	1	1	2	0	0	0	0	0	0	0	0	0	0	0	1	1	16	0	0	0	0	0	0	0	0	0	0	0	0	0	0	0	0	0	0	0	0	0	0	0	0	0	0	7	28	0	0	0	0	73	0	28	0	1	0	0	0	0	0	3	6	59	1	6	4	0	0	0	0	0	0	2	0	0	0	0	0	0	0	60	24	1	0	1	0	0	0	84	28	5	0	80	201	0	0	140	173	168	278	193	125	155	17	7	34	0	0	0	0	0	0	0	0	0	0	0	0	0	0	1	0	0	92	9	124	0	9	0	0	0	43
family	Main genome;Bacteria;Bacteria (superkingdom);Proteobacteria superphylum;Bdellovibrionota;Oligoflexia;Oligoflexales;Oligoflexaceae	Oligoflexaceae	68	33	94	14	79	35	136	74	1	45	12	94	11	60	94	17	24	45	304	67	124	42	26	234	336	193	200	0	0	0	0	0	0	0	3	0	0	0	0	0	0	2	58	8	75	103	59	0	0	0	0	0	0	32	0	0	0	0	0	0	0	0	107	0	0	0	0	33	36	21	65	7	72	86	61	61	151	214	440	351	188	276	532	227	221	400	821	676	265	79	231	110	66	341	294	523	303	977	589	1060	340	1497	833	1280	729	721	555	331	270	419	654	232	177	568	485	667	411	634	2266	1662	696	563	489	290	325	1099	1080	571	982	1471	4371	6015	1463	654	1112	425	527	3659	2864	4615	1295	1213	748	881	173	522	546	2215	847
family	Main genome;Bacteria;Bacteria (superkingdom);Terrabacteria;Firmicutes;Bacilli;Bacillales;Bacillaceae	Bacillaceae	0	0	23	0	0	0	0	5	0	0	0	0	8	0	0	0	0	0	0	0	0	0	0	0	0	6	0	0	0	0	0	0	2	0	0	0	10	0	0	0	0	3	0	0	0	0	0	0	0	0	106	0	0	0	0	0	0	0	1	0	0	0	0	0	0	14	1	0	0	0	0	0	0	0	4	0	0	0	0	0	0	0	0	0	0	0	0	0	0	0	0	0	0	62	0	0	0	0	0	0	0	0	0	0	0	0	0	0	0	0	0	0	0	0	0	0	0	0	0	0	0	0	0	0	0	0	0	0	0	26	117	0	0	3	0	0	0	0	0	0	0	0	0	0	0	0	105	0	0
family	Main genome;Bacteria;Bacteria (superkingdom);Terrabacteria;Firmicutes;Bacilli;Bacillales;Planococcaceae	Planococcaceae	0	0	0	0	0	0	0	0	0	0	7	0	0	0	0	0	0	0	0	0	0	0	0	0	0	0	0	0	0	0	0	0	0	0	0	0	0	0	0	0	0	0	0	0	0	0	0	0	0	0	0	0	0	0	0	0	0	8	0	0	0	0	0	0	0	0	0	0	0	0	0	0	0	0	0	0	0	0	0	0	0	0	0	0	0	0	0	0	0	0	0	0	0	0	0	0	0	0	0	0	0	0	0	0	0	0	0	0	0	0	0	0	0	0	0	0	0	0	0	0	0	0	0	0	0	0	0	0	0	0	0	0	0	0	0	0	0	0	0	0	0	0	0	0	0	0	0	0	0
family	Main genome;Bacteria;Bacteria (superkingdom);Terrabacteria;Firmicutes;Bacilli;Lactobacillales;Streptococcaceae	Streptococcaceae	0	0	0	0	0	0	0	0	0	0	0	0	0	0	0	0	0	0	0	0	0	0	0	0	0	0	0	0	0	0	0	0	0	0	0	0	0	0	0	0	0	0	0	0	0	0	0	0	0	0	0	0	0	0	0	0	0	0	0	0	0	0	0	0	0	0	0	0	0	0	0	0	0	0	0	0	0	0	0	0	0	0	0	0	0	0	0	0	0	0	0	0	0	0	0	0	0	0	0	0	0	0	0	0	0	0	0	0	0	0	0	0	0	0	0	0	0	0	0	0	0	0	0	0	0	0	0	0	0	0	0	0	0	0	0	0	0	0	0	0	0	0	0	0	0	0	0	0	0
family	Main genome;Bacteria;Bacteria (superkingdom);Terrabacteria;Firmicutes;Bacilli;Lactobacillales;Lactobacillaceae	Lactobacillaceae	0	0	0	0	0	0	0	0	0	0	0	0	0	0	0	0	0	0	0	0	0	0	0	0	0	0	0	0	0	0	0	0	0	0	0	0	0	0	0	0	0	0	0	0	0	0	0	0	0	0	0	0	0	0	0	0	0	0	0	0	0	0	0	0	0	0	0	0	0	0	0	0	0	0	0	0	0	0	0	0	0	0	0	0	0	0	0	0	0	0	0	0	0	0	0	0	0	0	0	0	0	0	0	0	0	0	0	0	0	0	0	0	0	0	4	0	31	0	0	0	0	0	0	0	0	0	3	140	0	0	0	0	0	102	0	0	0	0	0	0	0	0	0	0	0	0	0	0	0
family	Main genome;Bacteria;Bacteria (superkingdom);Terrabacteria;Firmicutes;Bacilli;Lactobacillales;Listeriaceae	Listeriaceae	0	0	0	0	0	0	0	0	0	0	0	0	0	0	0	0	0	0	0	0	0	0	0	0	0	0	0	0	0	0	0	0	0	0	0	0	0	0	0	0	0	0	0	0	0	0	0	0	0	0	0	0	0	0	0	0	0	0	0	0	0	0	0	18	0	0	0	0	0	0	0	0	0	0	0	0	0	0	0	0	0	0	0	0	0	0	0	0	0	0	0	0	0	0	0	0	0	0	0	0	0	0	0	0	0	0	0	0	0	0	0	0	0	0	0	0	0	0	0	0	0	0	0	0	0	0	0	0	0	0	0	0	0	0	0	0	0	0	0	0	0	0	0	0	0	0	0	0	0
family	Main genome;Bacteria;Bacteria (superkingdom);Terrabacteria;Firmicutes;Bacilli;Lactobacillales;Enterococcaceae	Enterococcaceae	0	0	0	0	0	0	0	0	0	0	0	0	0	0	0	0	0	0	0	0	0	0	0	0	0	0	0	0	0	0	0	0	0	0	0	0	0	0	0	0	0	0	0	0	0	0	0	0	0	0	0	0	0	0	0	0	0	0	0	0	0	0	0	0	0	0	0	0	0	0	0	0	0	0	0	0	0	0	0	0	0	0	0	0	0	0	0	0	0	0	0	0	0	0	0	0	0	0	0	0	0	0	0	0	0	0	0	0	0	0	0	0	0	0	0	0	0	0	0	0	0	0	0	0	0	0	0	0	0	0	0	0	0	0	0	0	0	0	0	0	0	0	0	0	0	0	0	0	0
family	Main genome;Bacteria;Bacteria (superkingdom);Terrabacteria;Firmicutes;Bacilli;Lactobacillales;Carnobacteriaceae	Carnobacteriaceae	0	0	0	0	0	0	0	0	0	0	0	0	0	0	4	0	0	15	4	27	54	29	0	0	0	0	0	0	0	0	0	0	0	0	2	0	0	0	0	0	0	0	0	0	0	0	0	0	0	0	0	0	0	0	0	0	0	0	0	0	0	0	0	0	0	0	0	0	0	0	0	0	0	0	0	0	0	0	0	0	0	0	0	0	0	0	0	0	0	0	0	0	0	0	0	0	0	0	0	0	0	0	0	0	0	0	0	0	0	0	0	0	0	0	0	0	0	0	0	0	0	0	0	0	0	0	0	0	0	0	0	0	0	0	0	0	0	0	0	0	0	0	0	0	0	0	0	0	0
family	Main genome;Bacteria;Bacteria (superkingdom);Terrabacteria;Firmicutes;Bacilli;Staphylococcales;Gemellaceae	Gemellaceae	0	0	0	0	0	0	0	0	0	0	0	0	0	0	0	0	0	0	0	0	0	0	0	0	0	0	0	0	0	0	0	0	0	0	0	0	0	0	0	0	0	0	0	0	0	0	0	0	0	0	0	0	0	0	0	0	0	0	0	0	0	0	0	0	0	0	0	0	0	0	0	0	0	0	0	0	0	0	0	0	0	0	0	0	0	0	0	0	0	0	0	0	0	0	0	0	0	0	0	0	0	0	0	0	0	0	0	0	0	0	0	0	0	0	0	0	0	0	0	0	0	0	0	0	0	0	0	0	0	0	0	0	0	0	0	0	0	0	0	0	0	0	0	0	0	0	0	0	0
family	Main genome;Bacteria;Bacteria (superkingdom);Terrabacteria;Firmicutes;Bacilli;Paenibacillales;Paenibacillaceae	Paenibacillaceae	0	0	0	0	0	0	0	0	0	0	0	0	0	0	0	0	0	0	0	0	0	0	0	0	0	0	0	0	0	0	0	0	0	0	0	0	0	0	0	0	0	0	0	0	0	0	0	0	0	0	0	0	0	0	0	0	0	0	0	0	0	0	0	0	0	0	0	0	0	0	0	0	0	0	0	0	0	0	0	0	0	0	0	0	0	0	0	0	0	0	0	0	0	0	0	0	0	0	0	0	0	0	0	0	0	0	0	0	0	0	0	0	0	0	0	0	0	0	0	0	0	0	0	0	0	0	0	0	0	0	0	0	0	0	0	0	0	0	0	0	0	0	0	0	0	0	0	0	0
family	Main genome;Bacteria;Bacteria (superkingdom);Terrabacteria;Firmicutes;Bacilli;Brevibacillales;Brevibacillaceae	Brevibacillaceae	0	0	0	0	0	0	0	0	0	0	0	0	0	0	0	0	0	0	0	0	0	0	0	0	0	0	0	0	0	0	0	0	0	0	0	0	0	0	0	0	0	0	0	0	0	0	0	0	0	0	0	0	0	0	0	0	0	0	0	0	0	0	0	0	0	0	0	0	0	0	0	0	0	0	0	0	0	0	0	0	0	0	0	0	0	0	0	0	0	0	0	0	0	0	0	0	0	0	0	0	0	0	0	0	0	0	0	0	0	0	0	0	0	0	0	0	0	0	0	0	0	0	0	0	0	0	0	0	0	0	0	0	0	0	0	0	0	0	0	0	0	0	0	0	0	0	0	0	0
family	Main genome;Bacteria;Bacteria (superkingdom);Terrabacteria;Firmicutes;Bacilli;Erysipelotrichales;Erysipelotrichaceae	Erysipelotrichaceae	0	0	0	0	0	0	0	0	0	0	0	0	0	0	0	0	0	0	0	0	0	0	0	0	0	0	0	0	0	0	0	0	0	0	0	0	0	0	0	0	0	0	0	0	0	0	0	0	0	0	0	0	0	0	0	0	0	0	0	0	0	0	0	0	0	0	0	0	0	0	0	0	0	0	0	0	0	0	0	0	0	0	0	0	0	0	0	0	0	0	0	0	0	0	0	0	0	0	0	0	0	0	0	0	0	0	0	0	0	0	0	0	0	0	0	0	0	0	0	0	0	0	0	0	0	0	0	0	0	0	0	0	0	0	0	0	0	0	0	0	0	0	0	0	0	0	0	0	0
family	Main genome;Bacteria;Bacteria (superkingdom);Terrabacteria;Firmicutes;Clostridia;Clostridiales;Clostridiaceae	Clostridiaceae	0	0	0	0	0	0	0	0	0	0	0	0	0	0	0	0	0	0	0	0	0	0	0	0	0	0	0	0	0	0	0	0	0	0	0	0	0	0	0	0	0	0	0	0	0	0	0	0	0	0	0	0	0	0	0	0	0	0	0	0	0	0	0	0	0	0	0	0	0	0	0	0	0	0	0	0	0	0	0	0	0	0	0	0	0	0	0	0	0	0	0	0	0	0	0	0	0	0	0	0	0	0	0	0	0	0	0	0	0	0	0	0	0	0	0	0	0	0	0	0	0	0	0	0	0	0	0	0	0	0	0	0	0	0	0	0	0	0	0	0	0	0	0	0	0	0	0	0	0
family	Main genome;Bacteria;Bacteria (superkingdom);Terrabacteria;Firmicutes;Clostridia;Oscillospirales;Ruminococcaceae	Ruminococcaceae	0	0	0	0	0	0	0	0	0	0	0	0	0	0	0	0	0	0	0	0	0	0	0	0	0	0	0	0	0	0	0	0	0	0	0	0	0	0	0	0	0	0	0	0	0	0	0	0	0	0	0	0	0	0	41	0	0	0	0	0	0	0	0	0	0	0	0	0	0	0	0	0	0	0	0	0	0	0	0	0	0	0	0	0	0	0	0	0	0	0	0	0	0	0	0	0	0	0	0	0	0	0	0	0	0	0	0	0	0	0	0	0	0	0	0	0	0	0	0	0	0	0	0	0	0	0	0	0	0	0	0	0	0	0	0	0	0	0	0	0	0	0	0	0	0	0	0	0	0
family	Main genome;Bacteria;Bacteria (superkingdom);Terrabacteria;Firmicutes;Clostridia;Peptostreptococcales-Tissierellales;Family XI	Family XI	0	0	0	0	0	0	0	0	0	0	0	0	0	0	0	0	0	0	0	0	0	0	0	0	0	0	0	0	0	0	0	0	0	0	0	0	0	0	0	0	0	0	0	0	0	0	0	0	0	0	0	0	0	0	0	0	0	0	0	0	0	0	0	0	0	0	0	0	0	0	0	0	0	0	0	0	0	0	0	0	0	0	0	0	0	0	0	0	0	0	0	0	0	0	0	0	0	0	0	0	0	0	0	0	0	0	0	0	0	0	0	0	0	0	0	0	0	0	0	0	0	0	0	0	0	0	0	0	0	0	0	0	0	0	0	0	0	0	0	0	0	0	0	0	0	0	0	0	0
family	Main genome;Bacteria;Bacteria (superkingdom);Terrabacteria;Firmicutes;Clostridia;Peptostreptococcales-Tissierellales;Peptostreptococcaceae	Peptostreptococcaceae	0	0	0	0	0	0	0	0	0	0	0	0	0	0	0	76	19	11	19	76	0	100	0	0	0	0	0	0	0	0	3	1	68	0	6	0	0	0	0	0	0	0	0	0	0	0	0	0	0	0	0	0	0	0	0	0	0	0	0	0	0	0	0	0	0	0	0	0	0	0	0	0	0	0	0	0	0	0	0	0	0	0	0	0	0	0	0	0	0	0	0	0	0	0	0	0	0	0	0	0	0	0	0	0	0	0	0	0	0	0	0	0	0	0	0	0	0	0	0	0	0	0	0	0	0	77	0	0	226	0	0	0	0	0	0	0	0	0	0	0	0	0	0	0	0	0	0	0	0
family	Main genome;Bacteria;Bacteria (superkingdom);Terrabacteria;Firmicutes;Clostridia;Peptostreptococcales-Tissierellales;Fusibacteraceae	Fusibacteraceae	0	0	0	0	0	0	0	0	0	0	0	0	0	0	0	0	0	0	0	0	0	0	0	0	0	0	0	0	0	0	0	0	0	0	0	0	0	0	0	0	0	0	0	0	0	0	0	0	0	0	0	0	0	0	0	0	0	0	0	0	0	0	0	0	0	0	0	0	0	0	0	0	0	0	0	0	0	0	0	0	0	0	0	0	0	0	0	0	0	0	0	0	0	0	0	0	0	0	0	0	0	0	0	0	0	0	0	0	0	0	0	0	0	0	0	0	0	0	0	0	0	0	0	0	0	0	0	0	0	0	0	0	0	0	0	0	0	0	0	0	0	0	0	0	0	0	0	0	0
family	Main genome;Bacteria;Bacteria (superkingdom);Terrabacteria;Firmicutes;Negativicutes;Veillonellales-Selenomonadales;Veillonellaceae	Veillonellaceae	0	0	0	0	0	0	0	0	0	0	0	0	0	0	0	0	0	0	0	0	0	0	0	0	0	0	0	0	0	0	0	0	0	0	0	0	0	0	0	0	0	0	0	0	0	0	0	0	0	0	0	0	0	0	0	0	0	0	0	0	0	0	0	0	0	0	0	0	0	0	0	0	0	0	0	0	0	0	0	0	0	0	0	0	0	0	0	0	0	0	0	0	0	0	0	0	0	0	0	0	0	0	0	0	0	0	0	0	0	0	0	0	0	0	0	0	0	0	0	0	0	0	0	0	0	0	0	0	0	0	0	0	0	0	0	0	0	0	0	0	0	0	0	0	0	0	0	0	0
family	Main genome;Bacteria;Bacteria (superkingdom);Terrabacteria;Firmicutes;Negativicutes;Veillonellales-Selenomonadales;Sporomusaceae	Sporomusaceae	0	0	0	0	0	0	0	0	0	0	0	0	0	0	0	0	0	0	0	0	0	0	0	0	0	0	0	0	0	0	0	0	0	0	0	0	0	0	0	0	0	0	0	0	0	0	0	0	0	0	0	0	0	0	0	0	0	0	0	0	0	0	0	0	0	0	0	0	0	0	0	0	0	0	0	0	0	0	0	0	0	0	0	0	0	0	0	0	0	0	0	0	0	0	0	0	0	0	0	0	0	0	0	0	0	0	0	0	0	0	0	0	0	0	0	0	0	0	0	0	0	0	0	0	0	0	0	0	0	0	0	0	0	0	0	0	0	0	0	0	0	0	0	0	0	0	0	0	0
family	Main genome;Bacteria;Bacteria (superkingdom);Terrabacteria;Cyanobacteria;Cyanobacteriia;Cyanobacteriales;Phormidiaceae	Phormidiaceae	0	0	0	0	0	0	0	0	0	0	0	0	0	0	0	0	0	0	0	0	0	0	0	0	0	0	0	0	0	0	0	0	0	0	0	0	0	0	0	0	0	0	0	0	0	0	0	0	0	0	0	0	0	0	0	0	0	0	0	0	0	0	0	0	0	0	0	0	0	0	0	0	0	0	0	0	0	0	0	0	0	0	0	0	0	0	0	0	0	0	0	0	0	0	0	0	0	0	0	0	0	0	0	0	0	0	0	0	0	0	0	0	0	0	0	0	0	0	0	0	0	0	0	0	0	0	0	0	0	0	0	0	0	0	0	0	0	0	0	0	0	0	0	0	0	0	0	0	0
family	Main genome;Bacteria;Bacteria (superkingdom);Terrabacteria;Cyanobacteria;Cyanobacteriia;Cyanobacteriales;Cyanobacteriaceae	Cyanobacteriaceae	0	0	0	0	0	0	0	0	0	0	0	0	0	0	0	0	0	0	0	0	0	0	0	0	0	0	0	0	0	0	0	0	0	0	0	0	0	0	0	0	0	0	0	0	0	0	0	0	0	0	0	0	0	0	0	0	0	0	0	0	0	0	0	0	0	0	0	0	0	0	0	0	0	0	0	0	0	0	0	0	0	0	0	0	0	0	0	0	0	0	0	0	0	0	0	0	0	0	0	0	0	0	0	0	0	0	0	0	0	0	0	0	0	0	0	0	0	0	0	0	0	0	0	0	0	0	0	0	0	0	0	0	0	0	0	0	0	0	0	0	0	0	0	0	0	0	0	0	0
family	Main genome;Bacteria;Bacteria (superkingdom);Terrabacteria;Cyanobacteria;Cyanobacteriia;Cyanobacteriales;Xenococcaceae	Xenococcaceae	0	0	0	0	0	0	0	0	0	0	0	0	0	0	0	0	0	0	0	0	0	0	0	0	0	0	0	0	0	0	0	0	0	0	0	0	0	0	0	0	0	0	0	0	0	0	0	0	0	0	0	0	0	0	0	0	0	0	0	0	0	0	0	0	0	0	0	0	0	0	0	0	0	0	0	0	0	0	0	0	0	0	0	0	0	0	0	0	0	0	0	0	0	0	0	0	0	0	0	0	0	0	0	0	0	0	0	0	0	0	0	0	0	0	0	0	0	0	0	0	0	0	0	0	0	0	0	0	0	0	0	0	0	0	0	0	0	0	0	0	0	0	0	0	0	0	0	0	0
family	Main genome;Bacteria;Bacteria (superkingdom);Terrabacteria;Cyanobacteria;Cyanobacteriia;Synechococcales;Cyanobiaceae	Cyanobiaceae	74213	82205	112585	99317	74926	99200	82430	5174	2987	6610	4315	2619	1845	920	32282	40480	31925	51906	47692	61042	43340	59617	445	303	571	896	1768	52116	62216	62146	67939	72001	72980	66365	66726	351	3704	207	549	518	23	25986	35228	30898	422	948	92	212	247	160	70	734	622	4249	3777	238	871	120	684	851	949	639	20374	12995	3687	347	472	50564	70971	61786	97862	110634	848	915	361	564	344	49409	78280	52938	60636	45394	57506	1530	1013	1306	1299	1827	367	61211	95441	960	1204	63528	75159	1256	1240	8771	9156	1998	678	568	12059	237	200	774	316	248	93	1226	539	330	117	3859	3589	3718	2713	3278	4005	5204	37653	115495	93906	96788	88929	15411	13295	7222	28689	16664	8920	12002	7528	8927	15892	14080	24401	6658	1073	706	1292	921	2228	1544	109111	3640	103368	5225	7997
family	Main genome;Bacteria;Bacteria (superkingdom);Terrabacteria;Cyanobacteria;Cyanobacteriia;Synechococcales;Synechococcales Incertae Sedis	Synechococcales Incertae Sedis	0	0	0	0	0	0	0	0	0	0	0	0	0	0	0	0	0	0	0	0	0	0	0	0	0	0	0	0	0	0	0	0	0	0	0	0	0	0	0	0	0	0	0	0	0	0	0	0	0	0	0	0	0	0	0	0	0	0	0	0	0	0	0	0	0	0	0	0	0	0	0	0	0	0	0	0	0	0	0	0	0	0	0	0	0	0	0	0	0	0	0	0	0	0	0	0	0	0	0	0	0	0	0	0	0	0	0	0	0	0	0	0	0	0	0	0	0	0	0	0	0	0	0	0	0	0	0	0	0	0	0	0	0	0	0	0	0	0	0	0	0	0	0	0	0	0	0	0	0
family	Main genome;Bacteria;Bacteria (superkingdom);Terrabacteria;Cyanobacteria;Cyanobacteriia;Phormidesmiales;Phormidesmiaceae	Phormidesmiaceae	0	0	0	0	0	0	0	0	0	0	0	0	0	0	0	0	0	0	0	0	0	0	0	0	0	0	0	0	0	0	0	0	0	0	0	0	0	0	0	0	0	0	0	0	0	0	0	0	0	0	0	0	0	0	0	0	0	0	0	0	0	0	0	0	0	0	0	0	0	0	0	0	0	0	0	0	0	0	0	0	0	0	0	0	0	0	0	0	0	0	0	0	0	0	0	0	0	0	0	0	0	0	0	0	0	0	0	0	0	0	0	0	0	0	0	0	0	0	0	0	0	0	0	0	0	0	0	0	0	0	0	0	0	0	0	0	0	0	0	0	0	0	0	0	0	0	0	0	0
family	Main genome;Bacteria;Bacteria (superkingdom);Terrabacteria;Cyanobacteria;Vampirivibrionia;Vampirovibrionales;Vampirovibrionaceae	Vampirovibrionaceae	0	0	0	0	0	0	0	0	0	0	0	0	0	0	0	0	0	0	0	0	0	0	0	0	0	0	0	0	0	0	0	0	0	0	0	0	0	0	0	0	0	1	90	0	14	38	4	0	0	0	0	0	0	0	0	0	0	0	0	0	0	0	0	0	0	0	0	0	0	0	0	0	0	0	0	0	0	0	0	0	0	0	0	0	0	0	0	0	0	0	0	0	0	0	0	0	0	0	0	0	0	0	0	0	0	0	0	0	0	0	0	0	0	0	0	0	0	0	0	0	0	0	0	0	0	0	0	0	0	0	0	0	0	0	0	0	0	0	0	0	0	0	0	0	0	0	0	0	0
family	Main genome;Bacteria;Bacteria (superkingdom);Terrabacteria;Cyanobacteria;Vampirivibrionia;Obscuribacterales;Obscuribacteraceae	Obscuribacteraceae	0	0	0	0	0	0	0	0	0	0	0	0	0	0	0	0	0	0	0	0	0	0	0	0	0	0	0	0	0	0	0	0	0	0	0	0	0	0	0	0	0	0	0	0	0	0	0	0	0	0	0	0	0	0	0	0	0	0	0	0	0	0	0	0	0	0	0	0	0	0	0	0	0	0	0	0	0	0	0	0	0	0	0	0	0	0	0	0	0	0	0	0	0	0	0	0	0	0	0	0	0	0	0	0	0	0	0	0	0	0	0	0	0	0	0	0	0	0	0	0	0	0	0	0	0	0	0	0	0	0	0	0	0	0	0	0	0	0	0	0	0	0	0	0	0	0	0	0	0
family	Main genome;Bacteria;Bacteria (superkingdom);Terrabacteria;Actinobacteriota;Actinobacteria;Corynebacteriales;Mycobacteriaceae	Mycobacteriaceae	0	0	0	0	0	0	0	0	0	0	0	0	0	0	0	0	0	0	0	0	0	0	0	0	0	0	0	0	0	0	0	0	0	0	0	0	0	0	0	0	0	0	0	0	0	0	0	0	0	0	0	0	0	0	0	0	0	0	0	0	0	0	0	0	0	0	0	0	0	0	0	0	0	0	0	0	0	0	0	0	0	0	0	0	0	0	0	0	0	0	0	0	0	0	0	0	0	0	0	0	0	0	0	0	0	0	0	0	0	0	0	0	0	0	0	0	0	0	0	0	0	0	0	0	0	0	0	0	0	0	0	0	0	0	0	0	0	0	0	0	0	0	0	0	0	0	0	0	0
family	Main genome;Bacteria;Bacteria (superkingdom);Terrabacteria;Actinobacteriota;Actinobacteria;Corynebacteriales;Nocardiaceae	Nocardiaceae	0	0	0	0	0	0	0	0	0	0	0	0	0	0	0	0	0	2	0	0	71	20	0	0	0	0	0	0	0	0	0	0	17	0	0	0	0	0	0	0	0	0	0	0	0	0	0	0	0	0	0	0	0	0	0	0	0	0	0	0	0	0	0	0	0	0	0	0	0	0	0	0	0	0	0	0	0	0	0	0	0	0	0	0	0	0	0	0	0	0	0	0	0	0	0	0	0	0	0	0	0	0	0	0	0	0	0	0	0	0	0	0	0	0	0	0	0	0	0	0	0	0	0	0	0	0	0	0	0	0	0	0	0	0	0	0	0	0	0	0	0	0	0	0	0	0	0	0	0
family	Main genome;Bacteria;Bacteria (superkingdom);Terrabacteria;Actinobacteriota;Actinobacteria;Corynebacteriales;Corynebacteriaceae	Corynebacteriaceae	0	0	0	0	0	0	0	0	0	0	0	0	0	0	0	0	0	0	0	0	0	0	0	0	0	0	0	0	0	0	0	0	0	0	0	0	0	0	0	0	0	0	0	0	0	0	0	0	0	0	0	0	0	0	0	0	0	0	0	0	0	0	0	0	0	0	0	0	0	0	0	0	0	0	0	0	0	0	0	0	0	0	0	0	0	0	0	0	0	0	0	0	0	0	0	0	0	0	0	0	0	0	0	0	0	0	0	0	0	0	0	0	0	0	0	0	0	0	0	0	0	0	0	0	0	0	0	0	0	0	0	0	0	0	0	0	0	0	0	0	0	0	0	0	0	0	0	0	0
family	Main genome;Bacteria;Bacteria (superkingdom);Terrabacteria;Actinobacteriota;Actinobacteria;Corynebacteriales;Corynebacteriales Incertae Sedis	Corynebacteriales Incertae Sedis	0	0	0	0	0	0	0	0	0	0	0	0	0	0	0	0	0	0	0	0	0	0	0	0	0	0	0	0	0	0	0	0	0	0	0	0	0	0	0	0	0	0	0	0	0	0	0	0	0	0	0	0	0	0	0	0	0	0	0	0	0	0	0	0	0	0	0	0	0	0	0	0	0	0	0	0	0	0	0	0	0	0	0	0	0	0	0	0	0	0	0	0	0	0	0	0	0	0	0	0	0	0	0	0	0	0	0	0	0	0	0	0	0	0	0	0	0	0	0	0	0	0	0	0	0	0	0	0	0	0	0	0	0	0	0	0	0	0	0	0	0	0	0	0	0	0	0	0	0
family	Main genome;Bacteria;Bacteria (superkingdom);Terrabacteria;Actinobacteriota;Actinobacteria;Micrococcales;Microbacteriaceae	Microbacteriaceae	0	0	0	0	0	0	0	0	0	0	0	0	0	0	658	718	1269	1473	911	1935	1094	1728	119	60	3	27	109	866	666	659	1366	1712	1525	1258	1222	213	152	181	220	38	160	25	53	61	4	1	29	0	0	0	0	0	0	0	0	0	0	0	0	14	0	9	0	0	0	0	0	0	0	0	0	0	0	0	0	0	0	0	0	0	0	0	0	0	0	0	0	0	0	0	0	0	0	0	0	0	0	0	0	0	0	0	0	0	0	0	0	0	0	0	0	0	0	0	0	0	0	0	0	0	0	0	0	113	0	0	0	12	278	0	0	0	0	117	0	0	151	0	0	0	0	0	0	0	0	0	0	0	0
family	Main genome;Bacteria;Bacteria (superkingdom);Terrabacteria;Actinobacteriota;Actinobacteria;Micrococcales;Micrococcaceae	Micrococcaceae	0	0	0	0	0	0	0	0	0	0	0	0	0	0	0	0	0	0	0	0	0	0	0	0	0	0	0	0	0	0	0	0	0	0	0	0	0	0	0	0	0	0	0	0	0	0	0	0	0	0	0	0	0	0	0	0	0	0	0	0	0	0	0	0	0	0	0	0	0	0	0	0	0	0	0	0	0	0	0	0	0	0	0	0	0	0	0	0	0	0	0	0	0	0	0	0	0	0	0	0	0	0	0	0	0	0	0	0	0	0	0	0	0	0	0	0	0	0	0	0	0	0	0	0	0	0	0	0	0	0	0	0	0	0	0	0	0	0	0	0	0	0	0	0	0	0	0	0	0
family	Main genome;Bacteria;Bacteria (superkingdom);Terrabacteria;Actinobacteriota;Actinobacteria;Micrococcales;Intrasporangiaceae	Intrasporangiaceae	0	0	0	0	0	0	0	0	0	0	0	0	0	0	0	0	40	22	0	0	88	45	0	0	0	0	0	0	0	1	0	0	0	0	0	0	0	0	0	0	0	0	0	0	0	0	0	0	0	0	0	0	0	0	0	0	0	0	0	0	0	0	0	0	0	0	0	0	0	0	0	0	0	0	0	0	0	0	0	0	0	0	0	0	0	0	0	0	0	0	0	0	0	0	0	0	0	0	0	0	0	0	0	0	0	0	0	0	0	0	0	0	0	0	0	0	0	0	0	0	0	0	0	0	0	0	0	0	0	0	0	0	0	0	0	0	0	0	0	0	0	0	0	0	0	0	0	0	0
family	Main genome;Bacteria;Bacteria (superkingdom);Terrabacteria;Actinobacteriota;Actinobacteria;Propionibacteriales;Nocardioidaceae	Nocardioidaceae	0	0	0	0	0	0	0	0	0	0	0	0	0	0	0	0	0	0	0	0	0	0	0	0	0	0	0	0	0	0	0	0	0	0	0	0	0	0	0	0	0	0	0	0	0	0	0	0	0	0	0	0	0	0	0	0	0	0	0	0	0	0	0	0	0	0	0	0	0	0	0	0	0	0	0	0	0	0	0	0	0	0	0	0	0	0	0	0	0	0	0	0	0	0	0	0	0	0	0	0	0	0	0	0	0	0	0	0	0	0	0	0	0	0	0	0	0	0	0	0	0	0	0	0	0	0	0	0	0	0	0	0	0	0	0	0	0	0	0	0	0	0	0	0	0	0	0	0	0
family	Main genome;Bacteria;Bacteria (superkingdom);Terrabacteria;Actinobacteriota;Actinobacteria;Propionibacteriales;Propionibacteriaceae	Propionibacteriaceae	0	0	0	0	0	0	0	0	0	0	0	0	0	0	0	0	0	0	0	10	0	66	0	0	0	0	0	0	0	0	0	0	0	0	0	0	0	0	0	0	0	0	0	0	0	0	0	0	0	0	0	0	0	0	0	0	0	0	0	0	0	5	0	0	0	0	0	0	0	0	0	0	0	0	0	0	0	0	0	0	0	0	0	0	0	0	0	0	0	0	0	0	0	0	0	0	0	0	0	0	0	0	0	0	0	0	0	0	0	0	0	0	0	0	0	0	0	0	0	0	0	0	0	0	0	0	0	0	0	0	0	0	0	0	0	0	0	0	0	0	0	0	0	0	0	0	0	0	0
family	Main genome;Bacteria;Bacteria (superkingdom);Terrabacteria;Actinobacteriota;Actinobacteria;Nitriliruptorales;Nitriliruptoraceae	Nitriliruptoraceae	0	0	0	0	0	0	0	0	0	0	0	0	0	0	0	0	0	0	0	0	0	0	0	0	0	0	0	0	0	0	0	0	0	0	0	0	0	0	0	0	0	0	0	0	0	0	0	1	1	0	6	53	0	0	0	0	0	0	0	0	0	0	0	0	0	0	0	0	0	0	0	0	0	0	0	0	0	0	0	0	0	0	0	0	0	0	0	0	0	0	0	0	0	0	0	0	0	0	0	0	0	0	0	0	0	0	0	0	0	0	0	0	0	0	0	0	0	0	0	0	0	0	0	0	0	0	0	0	0	0	0	0	0	0	0	0	0	0	0	0	0	0	0	0	0	0	0	0	0
family	Main genome;Bacteria;Bacteria (superkingdom);Terrabacteria;Actinobacteriota;Acidimicrobiia;Microtrichales;Ilumatobacteraceae	Ilumatobacteraceae	149	179	286	555	291	152	194	5	0	0	11	2	0	0	0	0	5	0	0	5	0	4	0	0	0	0	0	23	115	86	208	155	247	134	227	0	0	0	0	0	0	57	54	134	29	22	57	0	0	0	0	0	0	1	0	0	0	0	3	0	0	12	77	0	90	0	0	302	455	481	446	769	61	7	1	17	11	194	189	58	80	60	94	2	26	0	1	0	0	256	738	7	25	25	69	0	2	15	15	0	6	1	84	0	0	0	0	0	0	0	0	0	0	0	0	0	0	26	0	185	285	181	220	184	151	54	0	0	0	0	35	0	1	3	6	6	0	0	0	0	4	0	0	1	457	22	33	0	6
family	Main genome;Bacteria;Bacteria (superkingdom);Terrabacteria;Actinobacteriota;Acidimicrobiia;Microtrichales;Microtrichaceae	Microtrichaceae	0	0	0	0	0	0	0	0	0	0	0	0	0	0	0	0	0	0	0	0	0	0	0	0	0	0	0	0	0	0	0	0	0	0	0	0	0	0	0	0	0	0	0	0	0	0	0	0	0	0	0	0	0	0	0	0	0	0	0	0	0	0	0	0	0	0	0	0	0	0	0	0	0	0	0	0	0	0	0	0	0	0	0	0	0	0	0	0	0	0	0	0	0	0	0	0	0	0	0	0	0	80	5	20	3	766	334	4	22	616	635	130	0	1178	2367	1608	1079	8963	2548	478	0	0	0	0	0	23	71	0	1	13	6	0	0	0	0	0	0	0	113	67	1216	38	979	404	0	0	0	0	0
family	Main genome;Bacteria;Bacteria (superkingdom);Terrabacteria;Actinobacteriota;Acidimicrobiia;Actinomarinales;Actinomarinaceae	Actinomarinaceae	0	0	0	0	0	0	0	0	0	0	0	0	0	0	0	0	0	0	0	0	0	0	0	0	0	0	0	0	0	0	0	0	0	0	0	0	0	0	0	0	0	0	0	0	0	0	0	0	0	0	0	0	0	0	0	0	0	0	0	0	0	0	0	0	0	0	0	0	0	0	0	0	0	0	0	0	0	0	0	0	0	0	0	0	0	0	0	0	0	0	0	0	0	0	0	0	0	0	0	0	0	0	0	0	0	0	0	0	0	0	0	0	0	0	0	0	0	0	0	0	0	0	0	0	0	0	0	0	0	0	0	0	0	0	0	0	0	0	0	0	0	0	0	0	0	0	0	0	0
family	Main genome;Bacteria;Bacteria (superkingdom);Terrabacteria;Chloroflexi;Anaerolineae;Anaerolineales;Anaerolineaceae	Anaerolineaceae	0	0	0	0	0	0	0	0	0	0	0	0	0	0	0	0	0	0	0	0	0	0	0	0	0	0	0	0	0	0	0	0	0	0	0	0	0	0	0	0	0	0	0	0	0	0	0	0	0	0	0	0	0	0	0	0	0	0	0	0	0	0	0	0	0	0	0	0	0	0	0	0	0	0	0	0	0	0	0	0	0	0	0	0	0	0	0	0	0	0	0	0	0	0	0	0	0	0	0	0	0	112	57	19	28	25	40	13	19	8	13	21	0	49	13	27	1	398	73	174	0	0	0	0	0	29	0	4	7	8	5	0	0	0	0	0	0	0	154	33	32	17	11	83	0	0	0	0	0
family	Main genome;Bacteria;Bacteria (superkingdom);Terrabacteria;Chloroflexi;Anaerolineae;SBR1031;A4b	A4b	0	0	0	0	0	0	0	0	0	0	0	0	0	0	0	0	0	0	0	0	0	0	0	0	0	0	0	0	0	0	0	0	0	0	0	0	0	0	0	0	0	0	0	0	0	0	0	0	0	0	0	0	0	0	0	0	0	0	0	0	0	0	0	0	0	0	0	0	0	0	0	0	0	0	0	0	0	0	0	0	0	0	0	0	0	0	0	0	0	0	0	0	0	0	0	0	0	0	0	0	0	0	0	0	0	0	0	0	18	0	0	0	0	0	0	0	0	0	0	0	0	0	0	0	0	0	0	0	0	0	0	0	0	0	0	0	0	0	0	0	0	0	0	0	0	0	0	0	0
family	Main genome;Bacteria;Bacteria (superkingdom);Terrabacteria;Deinococcota;Deinococci;Deinococcales;Deinococcaceae	Deinococcaceae	0	0	0	0	0	0	0	0	0	0	0	0	0	0	0	0	0	0	0	0	0	0	0	0	0	0	0	0	0	0	0	0	0	0	0	0	0	0	0	0	0	0	0	0	0	0	0	0	0	0	0	0	0	0	0	0	0	0	0	0	0	0	0	0	0	0	0	0	0	0	0	0	0	0	0	0	0	0	0	0	0	0	0	0	0	0	0	0	0	0	0	0	0	0	0	0	0	0	0	0	0	0	0	0	0	0	0	0	0	0	0	0	0	0	0	0	0	0	0	0	0	0	0	0	0	0	0	0	0	0	0	0	0	0	0	0	0	0	0	0	0	0	0	0	0	0	0	0	0
family	Main genome;Bacteria;Bacteria (superkingdom);FCB group;Bacteroidota;Bacteroidia;Flavobacteriales;Weeksellaceae	Weeksellaceae	0	0	0	0	0	0	0	0	0	0	0	0	0	0	0	0	0	0	0	0	0	0	0	0	0	0	0	0	0	0	0	0	0	0	0	0	0	0	0	0	0	0	0	0	0	0	0	0	0	0	0	0	0	0	0	0	0	0	0	0	0	0	0	0	0	0	0	0	0	0	0	0	0	0	0	0	0	0	0	0	0	0	0	0	0	0	0	0	0	0	0	0	0	0	0	0	0	0	0	0	0	0	0	0	0	0	0	0	0	0	0	0	0	0	0	0	0	0	0	0	0	0	0	0	0	0	0	0	0	0	0	0	0	0	0	0	0	0	0	0	0	0	0	0	0	0	0	0	0
family	Main genome;Bacteria;Bacteria (superkingdom);FCB group;Bacteroidota;Bacteroidia;Flavobacteriales;Flavobacteriaceae	Flavobacteriaceae	1842	1559	2641	4059	4225	5560	5344	0	0	0	212	0	0	0	5823	13346	12399	15670	10933	15092	7647	13987	2783	1027	6253	8068	1374	2067	2742	2603	4509	4431	4696	4515	4054	1539	1288	1419	1133	1205	760	4377	7224	4570	3031	4551	6273	1545	2121	846	266	874	43	1283	446	270	489	308	198	280	226	125	5115	1347	48	15	13	6705	7157	4016	3193	8594	0	0	115	0	112	2530	1943	2531	2198	2067	4018	0	49	107	39	58	125	1301	2661	103	107	506	638	0	0	320	290	0	4	109	965	5	37	65	104	13	33	16	3	32	0	8	671	54	30	565	1062	5763	7327	3956	3662	5621	5004	2691	2405	926	6457	454	1981	1038	768	950	406	921	6616	0	239	38	134	50	42	143	2571	513	832	0	290
family	Main genome;Bacteria;Bacteria (superkingdom);FCB group;Bacteroidota;Bacteroidia;Flavobacteriales;Crocinitomicaceae	Crocinitomicaceae	0	0	0	33	0	0	0	0	0	0	0	0	68	0	0	0	0	0	7	4	0	0	0	0	0	0	0	0	0	0	0	0	0	0	0	0	0	0	0	0	0	0	0	0	0	0	0	0	0	0	0	95	0	0	0	0	0	0	0	0	57	64	125	58	0	0	0	0	0	0	0	0	0	0	0	0	0	1	57	1	22	4	0	0	0	0	0	0	0	1	0	0	3	0	9	0	0	66	62	0	0	12	56	0	1	0	3	0	0	2	0	1	0	0	0	0	5	101	44	0	2	0	0	2	0	0	3	172	0	0	0	0	39	0	0	0	0	0	29	0	0	0	4	4	12	0	0	0	82
family	Main genome;Bacteria;Bacteria (superkingdom);FCB group;Bacteroidota;Bacteroidia;Flavobacteriales;NS7 marine group	NS7 marine group	726	1053	1500	1081	719	1046	729	3	0	0	13	18	12	172	3883	5681	4518	5308	3667	5215	3207	3747	44	27	428	402	82	2095	2623	1795	3569	4651	4877	3248	2477	630	499	658	295	609	369	4864	6848	4158	1520	851	3160	148	75	2022	174	89	15	5178	5	36	6	0	21	653	51	7	474	1743	348	0	18	958	504	739	1141	1176	0	5	236	633	558	815	630	817	465	804	1726	132	230	274	426	412	313	522	779	0	0	404	1051	0	1	553	432	0	0	101	349	0	0	202	109	0	0	181	165	0	20	324	457	173	1088	785	1040	2194	2716	2154	1059	1905	928	1105	315	575	2978	0	0	44	1213	231	715	1713	1823	0	217	0	335	0	368	0	911	0	716	0	442
family	Main genome;Bacteria;Bacteria (superkingdom);FCB group;Bacteroidota;Bacteroidia;Flavobacteriales;Cryomorphaceae	Cryomorphaceae	211	200	589	556	390	543	346	161	9	5	45	11	12	6	6018	6186	10407	10322	9902	8872	7073	7734	12	37	41	3	27	1898	1865	1915	2932	2479	3145	3930	3621	340	270	157	43	186	3	2491	2974	2473	80	49	75	4521	10000	12076	983	15970	4326	5848	6235	13702	6868	5043	2703	4108	441	1075	430	479	284	970	1874	291	135	342	605	514	0	22	1	0	5	761	1028	577	536	409	1166	5	0	0	15	6	2	171	376	21	86	315	325	13	0	37	69	8	0	32	361	0	0	60	113	0	0	28	3	0	2	235	242	603	32	171	100	551	1349	1699	1824	1852	992	458	1048	644	1437	356	2622	345	176	49	821	1108	2600	39	58	0	71	0	33	0	307	84	592	44	29
family	Main genome;Bacteria;Bacteria (superkingdom);FCB group;Bacteroidota;Bacteroidia;Flavobacteriales;NS9 marine group	NS9 marine group	1155	1455	1376	1581	1153	1451	1838	86	61	63	1	2	8	7	1547	1001	1546	2055	2247	1528	1191	721	5	0	16	10	38	395	1070	888	1418	1336	998	1267	1216	1	3	0	1	0	67	1102	1687	1434	0	14	4	123	1356	249	202	76	28	918	568	24	40	1	341	70	1	35	2688	382	16	0	0	1061	785	1255	1556	2123	14	11	1	1	0	5165	4524	3629	2802	3911	5632	60	7	112	88	75	2	1017	1790	6	25	1763	1358	2	6	3543	4252	54	12	974	784	39	9	430	472	33	10	340	212	10	1	395	364	792	753	1130	1376	7309	6565	8058	5081	7724	7353	349	71	509	73	434	410	627	21	142	1746	50	318	214	1656	133	764	122	654	76	1844	10	2968	3	3474
family	Main genome;Bacteria;Bacteria (superkingdom);FCB group;Bacteroidota;Bacteroidia;Flavobacteriales;Schleiferiaceae	Schleiferiaceae	0	0	0	0	0	0	0	0	0	0	0	0	0	0	0	0	0	0	0	0	0	0	0	0	0	0	0	0	0	0	0	0	0	0	0	0	0	0	0	0	0	0	0	0	0	0	0	0	0	0	0	0	0	0	0	0	0	0	0	0	0	0	0	0	0	0	0	0	0	0	0	0	0	0	0	0	0	0	0	0	0	0	0	0	0	0	0	0	0	0	0	0	0	0	0	0	0	0	0	0	0	0	0	0	0	0	0	0	0	0	0	0	0	0	0	0	0	0	0	0	0	0	0	0	0	0	0	0	0	0	0	0	0	0	0	0	0	0	0	0	0	0	0	0	0	0	0	0	0
family	Main genome;Bacteria;Bacteria (superkingdom);FCB group;Bacteroidota;Bacteroidia;Cytophagales;Cyclobacteriaceae	Cyclobacteriaceae	55	84	27	84	110	154	102	37	0	0	2	49	23	15	389	404	548	536	390	654	349	364	25	92	599	466	224	0	0	0	0	76	0	0	22	0	111	0	0	0	0	2	67	40	15	9	41	0	0	0	46	34	81	3	0	129	26	0	0	0	0	0	69	0	0	0	11	222	105	104	16	293	6	0	0	65	2	81	86	31	54	84	19	167	14	11	32	111	15	111	185	1	0	310	128	35	7	346	255	39	48	618	544	90	36	612	185	15	35	394	309	30	38	148	20	167	460	645	917	552	175	157	85	65	35	82	394	54	595	34	333	25	237	65	369	13	605	170	1079	295	1152	78	690	127	158	2	519	122	304
family	Main genome;Bacteria;Bacteria (superkingdom);FCB group;Bacteroidota;Bacteroidia;Cytophagales;Amoebophilaceae	Amoebophilaceae	0	0	0	0	0	0	0	0	0	0	0	0	0	0	0	84	15	0	0	0	0	0	0	0	0	0	0	0	0	0	0	0	0	0	0	0	0	0	0	0	0	0	0	0	0	0	0	0	0	0	0	0	0	0	0	0	0	0	0	0	0	0	0	0	0	0	0	0	0	0	0	0	0	0	0	0	0	0	0	0	0	0	0	0	0	0	0	0	0	0	0	0	0	0	0	0	0	0	0	0	0	0	0	0	0	0	0	0	0	0	0	0	0	0	0	0	0	0	0	0	0	0	0	0	0	0	0	0	167	0	0	0	0	0	0	0	0	0	0	0	0	0	0	0	0	0	0	0	0
family	Main genome;Bacteria;Bacteria (superkingdom);FCB group;Bacteroidota;Bacteroidia;Cytophagales;Hymenobacteraceae	Hymenobacteraceae	0	0	0	0	0	0	0	0	0	0	0	0	0	0	0	0	0	0	0	0	0	0	0	0	0	0	0	0	0	0	0	0	0	0	0	0	0	0	0	0	0	0	0	0	0	0	0	0	0	0	0	0	0	0	0	0	0	0	0	0	0	0	0	0	0	0	0	0	0	0	0	0	0	0	0	0	0	0	0	0	0	0	0	0	0	0	0	0	0	0	0	0	0	0	0	0	0	0	0	0	0	0	0	0	0	0	0	0	0	0	0	0	0	0	0	0	0	0	0	0	0	0	0	0	0	0	0	0	0	0	0	0	0	0	0	0	0	0	0	0	0	0	0	0	0	0	0	0	0
family	Main genome;Bacteria;Bacteria (superkingdom);FCB group;Bacteroidota;Bacteroidia;Cytophagales;Spirosomaceae	Spirosomaceae	0	0	0	0	0	0	0	0	0	0	0	0	0	0	0	0	0	0	0	0	0	0	0	0	0	0	0	0	0	0	0	0	0	0	0	0	0	0	0	0	0	0	0	0	0	0	0	48	0	0	173	11	1	0	0	0	0	0	0	0	0	0	0	0	0	0	0	0	0	0	0	0	0	0	0	0	0	0	0	0	0	0	0	0	0	0	0	0	0	0	0	0	0	0	0	0	0	0	0	0	0	0	0	0	0	0	0	0	0	0	0	0	0	0	0	0	0	0	0	0	0	0	0	0	0	0	0	0	0	0	0	0	0	0	0	0	0	0	0	0	0	0	0	0	0	0	0	0	0
family	Main genome;Bacteria;Bacteria (superkingdom);FCB group;Bacteroidota;Bacteroidia;Cytophagales;Flammeovirgaceae	Flammeovirgaceae	0	7	0	0	0	4	0	0	0	0	0	0	0	0	0	0	1	0	11	0	0	7	0	0	0	0	0	0	0	0	0	0	0	0	0	0	0	0	0	0	0	0	0	0	0	0	0	0	0	0	0	0	0	0	0	0	0	0	0	0	0	0	0	0	0	0	0	62	23	4	6	1	0	0	0	0	0	0	0	0	0	0	0	0	0	0	0	0	0	0	0	0	0	0	7	0	0	0	1	0	0	12	4	0	0	0	0	0	0	0	0	1	0	0	0	0	0	0	29	0	0	0	0	0	0	0	0	0	0	0	0	0	0	0	0	0	0	0	19	0	0	0	0	2	0	0	0	0	0
family	Main genome;Bacteria;Bacteria (superkingdom);FCB group;Bacteroidota;Bacteroidia;Cytophagales;Microscillaceae	Microscillaceae	0	0	0	0	0	0	0	0	0	0	0	0	0	0	0	0	0	0	0	0	0	0	0	0	0	0	0	0	0	0	0	0	0	0	0	0	0	0	0	0	0	0	0	0	0	0	0	0	0	0	0	6	0	0	0	0	0	0	0	0	0	7	0	0	0	0	3	0	0	0	0	0	0	0	0	0	0	0	0	0	0	0	0	0	0	0	0	0	0	0	0	0	0	0	0	0	0	0	0	0	0	0	0	0	0	0	0	0	0	0	0	0	0	0	0	0	0	0	0	0	0	0	0	0	0	0	0	0	0	0	0	0	0	0	0	0	0	0	0	0	0	0	0	0	0	0	0	0	0
family	Main genome;Bacteria;Bacteria (superkingdom);FCB group;Bacteroidota;Bacteroidia;Bacteroidales;Bacteroidaceae	Bacteroidaceae	0	0	0	0	0	0	0	0	0	0	0	0	0	0	0	0	0	0	0	0	0	0	0	0	0	0	0	0	0	0	0	0	0	0	0	0	0	0	0	0	0	0	0	0	0	0	0	17	0	0	0	0	0	0	0	0	0	0	0	0	0	0	0	0	0	0	0	0	0	0	0	0	0	0	0	0	0	0	0	0	0	0	0	0	0	0	0	0	0	0	0	0	0	0	0	0	0	0	0	0	0	0	0	0	0	0	0	0	0	0	0	0	0	0	0	0	0	0	0	0	0	0	0	0	0	0	0	0	0	0	0	0	0	0	0	0	0	0	0	0	0	0	0	0	0	0	0	0	0
family	Main genome;Bacteria;Bacteria (superkingdom);FCB group;Bacteroidota;Bacteroidia;Bacteroidales;Prevotellaceae	Prevotellaceae	0	0	0	0	0	0	0	0	0	0	0	0	0	0	0	0	0	0	0	0	0	0	0	0	0	0	0	0	0	0	0	0	0	0	0	0	0	0	0	0	0	0	0	0	0	0	0	0	0	0	0	0	0	0	0	0	0	0	0	0	0	0	0	0	0	0	0	0	0	0	0	0	0	0	0	0	0	0	0	0	0	0	0	0	0	0	0	0	0	0	0	0	0	0	0	0	0	0	0	0	0	0	0	0	0	0	0	0	0	0	0	0	0	0	0	0	0	0	0	0	0	0	0	0	0	0	0	0	0	0	0	0	0	0	0	0	0	0	0	0	0	0	0	0	0	0	0	0	0
family	Main genome;Bacteria;Bacteria (superkingdom);FCB group;Bacteroidota;Bacteroidia;Bacteroidales;Marinifilaceae	Marinifilaceae	0	0	0	0	0	0	0	0	0	0	0	0	0	0	0	0	25	5	147	1	34	0	0	0	0	0	44	0	0	0	0	0	0	0	0	0	0	0	0	0	0	0	0	0	0	0	0	0	0	0	0	0	0	0	0	0	0	0	0	0	0	0	0	0	0	0	0	0	0	0	0	0	0	0	0	0	0	0	0	0	0	0	0	0	0	0	0	0	0	0	0	0	0	0	0	0	0	0	0	0	0	0	0	0	0	0	0	0	0	0	0	0	0	0	0	0	0	0	0	0	0	0	0	0	0	0	0	0	0	0	0	0	0	0	0	0	0	0	0	0	0	0	0	0	0	0	0	0	0
family	Main genome;Bacteria;Bacteria (superkingdom);FCB group;Bacteroidota;Bacteroidia;Bacteroidales;Prolixibacteraceae	Prolixibacteraceae	0	0	0	0	0	0	0	0	0	0	0	0	0	0	0	0	0	4	12	4	29	0	25	0	0	0	0	0	0	0	0	0	0	0	0	0	0	0	0	0	0	0	0	0	0	0	0	0	0	0	0	0	0	0	0	0	0	0	0	0	0	0	0	0	0	0	0	0	0	0	0	0	0	0	0	0	0	0	0	0	0	0	0	0	0	0	0	0	0	0	0	0	0	0	0	0	0	0	0	0	0	0	0	0	0	0	0	0	0	0	0	0	0	0	0	0	0	0	0	0	0	0	0	0	0	0	0	0	0	0	0	0	0	0	0	0	0	0	0	0	0	0	0	0	0	0	0	0	0
family	Main genome;Bacteria;Bacteria (superkingdom);FCB group;Bacteroidota;Bacteroidia;Bacteroidales;Porphyromonadaceae	Porphyromonadaceae	0	0	0	0	0	0	0	0	0	0	0	0	0	0	0	0	0	0	0	0	0	0	0	0	0	0	0	0	0	0	0	0	0	0	0	0	0	0	0	0	0	0	0	0	0	0	0	0	0	0	0	0	0	0	0	0	0	0	0	0	0	0	0	0	0	0	0	0	0	0	0	0	0	0	0	0	0	0	0	0	0	0	0	0	0	0	0	0	0	0	0	0	0	0	0	0	0	0	0	0	0	0	0	0	0	0	0	0	0	0	0	0	0	0	0	0	0	0	0	0	0	0	0	0	0	0	0	0	0	0	0	0	0	0	0	0	0	0	0	0	0	0	0	0	0	0	0	0	0
family	Main genome;Bacteria;Bacteria (superkingdom);FCB group;Bacteroidota;Bacteroidia;Bacteroidales;Rikenellaceae	Rikenellaceae	0	0	0	0	0	0	0	0	0	0	0	0	0	0	0	0	0	0	0	0	0	0	0	0	0	0	0	0	0	0	0	0	0	0	0	0	0	0	0	0	0	0	0	0	0	0	0	0	0	0	0	0	0	0	0	0	0	0	0	0	0	0	0	0	0	0	0	0	0	0	0	0	0	0	0	0	0	0	0	0	0	0	0	0	0	0	0	0	0	0	0	0	0	0	0	0	0	0	0	0	0	0	0	0	0	0	0	0	0	0	0	0	0	0	0	0	0	0	0	0	0	0	0	0	0	0	0	0	0	0	0	0	0	0	0	0	0	0	0	0	0	0	0	0	0	0	0	0	0
family	Main genome;Bacteria;Bacteria (superkingdom);FCB group;Bacteroidota;Bacteroidia;Bacteroidales;Tannerellaceae	Tannerellaceae	0	0	0	0	0	0	0	0	0	0	0	0	0	0	0	0	0	0	0	0	0	0	0	0	0	0	0	0	0	0	0	0	0	0	0	0	0	0	0	0	0	0	0	0	0	0	0	0	0	0	0	0	0	0	0	0	0	0	0	0	0	0	0	0	0	0	0	0	0	0	0	0	0	0	0	0	0	0	0	0	0	0	0	0	0	0	0	0	0	0	0	0	0	0	0	0	0	0	0	0	0	0	0	0	0	0	0	0	0	0	0	0	0	0	0	0	0	0	0	0	0	0	0	0	0	0	0	0	0	0	0	0	0	0	0	0	0	0	0	0	0	0	0	0	0	0	0	0	0
family	Main genome;Bacteria;Bacteria (superkingdom);FCB group;Bacteroidota;Bacteroidia;Bacteroidales;Marinilabiliaceae	Marinilabiliaceae	0	0	0	0	0	0	0	0	0	0	0	0	0	0	42	0	0	0	0	0	0	0	0	0	0	0	0	0	0	0	0	0	0	0	0	0	0	0	0	0	0	0	0	0	0	0	0	0	0	0	0	0	0	0	0	0	0	0	0	0	0	0	0	0	0	0	0	0	0	0	0	0	0	0	0	0	0	0	0	0	0	0	0	0	0	0	0	0	0	0	0	0	0	0	0	0	0	0	0	0	0	0	0	0	0	0	0	0	0	0	0	0	0	0	0	0	0	0	0	0	0	0	0	0	0	0	0	0	0	0	0	0	0	0	0	0	0	0	0	0	0	0	0	0	0	0	0	0	0
family	Main genome;Bacteria;Bacteria (superkingdom);FCB group;Bacteroidota;Bacteroidia;Sphingobacteriales;Sphingobacteriaceae	Sphingobacteriaceae	0	0	0	0	0	0	0	0	0	0	0	0	0	0	0	0	0	0	0	0	0	0	0	0	0	0	0	0	0	0	0	0	0	0	0	0	0	0	0	0	0	0	0	0	0	0	0	0	0	0	0	0	0	0	0	0	0	0	0	0	0	0	0	0	0	0	0	0	0	0	0	0	0	0	0	0	0	0	0	0	0	0	0	0	0	0	0	0	0	0	0	0	0	0	0	0	0	0	0	0	0	0	0	0	0	0	0	0	0	0	0	0	0	0	0	0	0	0	0	0	0	0	0	0	0	0	0	0	0	0	0	0	0	0	0	0	0	0	0	0	0	0	0	0	0	0	0	0	0
family	Main genome;Bacteria;Bacteria (superkingdom);FCB group;Bacteroidota;Bacteroidia;Sphingobacteriales;Lentimicrobiaceae	Lentimicrobiaceae	0	0	0	0	0	0	0	0	0	0	0	0	0	0	0	0	0	0	0	0	0	0	0	0	0	0	0	0	0	0	0	0	0	0	0	0	0	0	0	0	0	0	0	0	0	0	0	0	0	0	0	0	0	0	0	0	0	0	0	0	0	0	0	0	0	0	0	0	0	0	0	0	0	0	0	0	0	0	0	0	0	0	0	0	0	0	0	0	0	0	0	0	0	0	0	0	0	0	0	0	0	90	14	0	0	94	67	2	0	46	72	7	0	288	141	274	568	447	131	199	0	0	4	0	0	28	5	0	99	0	0	0	0	0	0	0	0	0	129	0	186	6	53	16	0	0	0	0	0
family	Main genome;Bacteria;Bacteria (superkingdom);FCB group;Bacteroidota;Bacteroidia;Sphingobacteriales;NS11-12 marine group	NS11-12 marine group	0	0	1	0	0	0	0	0	0	0	0	0	0	0	1406	2255	2983	3864	2787	4837	1480	4197	0	5	67	111	81	1151	1844	1780	1214	1443	2354	1610	2021	1	0	40	0	0	0	474	908	518	9	0	0	70	723	190	440	67	0	0	7	37	0	37	15	161	138	0	12	0	0	0	0	0	0	0	0	0	0	0	0	0	0	0	0	0	0	0	0	0	0	0	0	0	0	0	0	0	0	0	0	0	0	0	0	0	0	0	0	0	0	0	0	0	0	0	0	0	0	0	0	0	0	0	0	0	0	256	12	0	0	208	0	217	2487	94	0	0	0	0	0	0	794	0	0	0	0	0	0	0	0	0	0	0	0
family	Main genome;Bacteria;Bacteria (superkingdom);FCB group;Bacteroidota;Bacteroidia;Sphingobacteriales;AKYH767	AKYH767	0	0	0	0	0	0	0	0	0	0	0	0	0	0	0	0	0	0	0	0	0	0	0	0	0	0	0	0	0	0	0	0	0	0	0	0	0	0	0	0	0	0	0	0	0	0	0	0	0	0	0	0	0	0	0	0	0	0	0	0	0	0	0	38	0	0	0	0	0	0	0	0	0	0	0	0	0	0	0	0	0	0	0	0	0	0	0	0	0	0	0	0	0	0	0	0	0	0	0	0	0	0	0	0	0	0	0	0	0	0	0	0	0	0	0	0	0	0	0	0	0	0	0	0	0	0	0	0	0	0	0	0	0	0	0	0	0	0	0	0	0	0	0	0	0	0	0	0	0
family	Main genome;Bacteria;Bacteria (superkingdom);FCB group;Bacteroidota;Bacteroidia;Chitinophagales;Chitinophagaceae	Chitinophagaceae	0	0	0	0	0	0	0	0	0	0	0	0	0	0	0	0	0	0	0	0	0	0	24	0	0	0	0	0	0	0	0	0	0	0	0	0	0	0	0	0	0	0	0	0	0	0	0	0	0	0	0	0	0	0	0	0	0	0	0	0	0	0	0	0	0	0	0	0	0	0	0	0	0	0	0	0	0	0	0	0	0	0	0	0	0	0	0	0	0	0	0	0	0	0	0	0	0	0	0	0	0	0	0	0	0	0	0	0	0	0	0	0	0	0	0	0	0	22	0	0	0	0	0	0	0	0	0	3	67	0	264	0	0	4	0	0	0	0	0	0	0	0	0	0	0	0	0	0	0
family	Main genome;Bacteria;Bacteria (superkingdom);FCB group;Bacteroidota;Bacteroidia;Chitinophagales;Saprospiraceae	Saprospiraceae	325	12	9	157	83	2	10	0	0	0	1	0	0	0	0	0	0	143	62	57	60	6	0	0	0	0	0	0	58	0	0	0	0	0	1	0	0	0	0	0	0	269	26	281	0	0	0	198	0	0	89	435	39	0	0	0	0	7	0	0	39	81	64	0	0	0	0	23	5	26	47	37	0	0	0	0	27	849	1057	524	519	298	1121	27	58	41	0	0	19	70	33	0	0	56	84	0	0	1797	1376	2	0	734	389	6	4	215	209	33	57	77	217	7	24	295	580	458	1047	491	539	3403	2023	1335	971	808	905	0	0	67	69	10	0	8	5	36	84	20	12	14	1227	25	316	107	149	54	118	0	75	0	1534
family	Main genome;Bacteria;Bacteria (superkingdom);FCB group;Bacteroidota;Rhodothermia;Balneolales;Balneolaceae	Balneolaceae	0	0	0	0	0	0	0	0	0	0	0	0	0	0	1126	903	1548	1896	1829	2426	491	1177	0	0	1	14	32	0	0	0	0	0	0	0	84	0	0	0	0	0	0	0	0	0	0	0	0	0	0	0	0	0	0	0	0	0	0	0	0	9	0	0	0	0	0	0	0	0	0	0	0	0	0	0	0	0	0	0	0	0	0	0	0	0	0	0	0	0	0	0	0	0	0	0	0	0	0	0	0	0	0	0	0	0	0	0	0	0	0	0	0	0	0	0	0	0	0	0	0	0	0	0	0	0	0	0	111	0	606	0	0	0	0	0	0	0	594	0	0	0	0	0	0	0	0	0	0	0	0
family	Main genome;Bacteria;Bacteria (superkingdom);FCB group;Bacteroidota;Rhodothermia;Rhodothermales;Rhodothermaceae	Rhodothermaceae	0	0	0	0	0	0	0	0	0	0	0	0	0	0	0	0	6	87	7	31	96	365	0	0	0	0	0	0	0	0	0	0	0	0	0	0	0	0	0	0	0	0	0	0	0	0	0	0	0	0	0	0	0	0	0	0	0	0	0	0	0	0	0	0	0	0	0	0	0	0	0	0	0	0	0	0	0	0	0	0	0	0	0	0	0	0	0	0	0	0	0	0	0	0	0	0	0	0	0	0	0	0	0	0	0	0	1	0	0	0	0	0	0	0	0	0	0	0	0	0	0	0	0	0	0	0	0	0	0	0	0	0	0	0	0	0	0	0	0	0	0	0	0	0	0	0	0	0	0
family	Main genome;Bacteria;Bacteria (superkingdom);FCB group;Bacteroidota;Kapabacteria class incertae sedis;Kapabacteria order incertae sedis;Kapabacteria family incertae sedis	Kapabacteria family incertae sedis	0	0	0	0	0	0	0	0	0	0	0	0	0	0	0	0	0	0	0	0	0	0	0	0	0	0	0	0	0	0	0	0	0	0	0	0	0	0	0	0	0	0	0	0	0	0	0	0	0	0	0	0	0	0	0	0	0	0	0	0	0	0	0	0	0	0	0	0	0	0	0	0	0	0	0	0	0	0	0	0	0	0	0	0	0	0	0	0	0	0	0	0	0	0	0	0	0	0	0	0	0	0	0	0	0	0	0	0	0	0	0	0	0	0	0	0	0	0	0	0	0	0	0	0	0	0	0	0	0	0	0	0	0	0	0	0	0	0	0	0	0	0	0	0	0	0	0	0	0
family	Main genome;Bacteria;Bacteria (superkingdom);FCB group;Gemmatimonadota;Gemmatimonadetes;Gemmatimonadales;Gemmatimonadaceae	Gemmatimonadaceae	0	0	0	0	0	0	0	0	0	0	0	0	0	0	0	0	0	54	0	0	0	0	0	0	0	0	0	0	0	0	0	0	0	0	0	0	0	0	0	0	0	0	0	0	0	0	0	0	0	0	0	0	0	0	0	0	0	0	0	0	0	0	0	0	0	0	0	0	0	0	0	0	0	0	0	0	0	0	0	0	0	0	0	0	0	0	0	0	0	0	0	0	0	0	0	0	0	0	0	0	0	0	0	0	0	0	0	0	0	0	0	0	0	0	0	0	0	0	0	0	0	0	0	0	0	150	0	0	192	0	0	0	0	0	0	0	0	0	0	0	0	0	0	0	0	0	0	0	0
family	Main genome;Bacteria;Bacteria (superkingdom);Acidobacteria superphylum;Acidobacteriota;Acidobacteriae;Bryobacterales;Bryobacteraceae	Bryobacteraceae	0	0	0	0	0	0	0	0	0	0	0	0	0	0	0	0	0	0	0	0	0	0	0	0	0	0	0	0	0	0	0	0	0	0	0	0	0	0	0	0	0	0	0	0	0	0	0	0	0	0	0	0	0	0	0	0	0	0	0	0	0	0	0	0	0	0	0	0	0	0	0	0	0	0	0	0	0	0	0	0	0	0	0	0	0	0	0	0	0	0	0	0	0	0	0	0	0	0	0	0	0	0	0	0	0	0	0	0	0	0	0	0	0	0	0	0	0	0	0	0	0	0	0	0	0	0	0	0	0	0	0	0	0	0	0	0	0	0	0	0	0	0	0	0	0	0	0	0	0
family	Main genome;Bacteria;Bacteria (superkingdom);Acidobacteria superphylum;Acidobacteriota;Holophagae;Acanthopleuribacterales;Acanthopleuribacteraceae	Acanthopleuribacteraceae	0	0	0	0	0	0	0	0	0	0	0	0	0	0	0	0	0	0	0	0	0	0	0	0	0	0	0	0	0	0	0	0	0	0	0	0	0	0	0	0	0	0	0	0	0	0	0	0	0	0	0	0	0	0	0	0	0	0	0	0	0	0	0	0	0	0	0	0	0	0	0	0	0	0	0	0	0	0	0	0	0	0	0	0	0	0	0	0	0	0	0	0	0	0	0	0	0	0	0	0	0	0	0	0	0	0	0	0	0	0	0	0	0	0	0	0	0	0	0	0	0	0	0	0	0	0	0	0	0	0	0	0	0	0	0	0	0	0	0	0	0	0	0	0	0	0	0	0	0
family	Main genome;Bacteria;Bacteria (superkingdom);Acidobacteria superphylum;Acidobacteriota;Thermoanaerobaculia;Thermoanaerobaculales;Thermoanaerobaculaceae	Thermoanaerobaculaceae	0	0	0	0	0	0	0	0	0	0	0	0	0	0	0	0	0	0	0	0	0	0	0	0	0	0	0	0	0	0	0	0	0	0	0	0	0	0	0	0	0	0	0	0	0	0	0	0	0	0	0	0	0	0	0	0	0	0	0	0	0	0	0	0	0	0	0	0	0	0	0	0	0	0	0	0	0	0	0	0	0	0	0	0	0	0	0	0	0	0	0	0	0	0	0	0	0	0	0	0	0	0	0	0	0	0	0	0	0	0	0	0	0	0	0	0	0	0	0	0	0	0	0	0	0	0	0	0	0	0	0	0	0	0	0	0	0	0	0	0	0	0	0	0	0	0	0	0	0
family	Main genome;Bacteria;Bacteria (superkingdom);Acidobacteria superphylum;Acidobacteriota;Vicinamibacteria;Vicinamibacterales (Acidobacteria group 6);Vicinamibacteraceae	Vicinamibacteraceae	0	0	0	0	0	0	0	0	0	0	0	0	0	0	0	0	0	0	0	0	0	0	0	0	0	0	0	0	0	0	0	0	0	0	0	0	0	0	0	0	0	0	0	0	0	0	0	0	0	0	0	0	0	0	0	0	0	0	0	0	0	0	0	0	0	0	0	0	0	0	0	0	0	0	0	0	0	0	0	0	0	0	0	0	0	0	0	0	0	0	0	0	0	0	0	0	0	0	0	0	0	0	0	0	0	69	79	38	34	13	4	16	0	25	0	0	0	0	82	26	0	0	0	0	0	0	81	1	0	14	290	0	0	0	0	0	0	0	0	0	118	117	22	65	0	0	0	0	0
family	Main genome;Bacteria;Bacteria (superkingdom);PVC group (Planctobacteria);Verrucomicrobiota;Verrucomicrobiae;Opitutales;Puniceicoccaceae	Puniceicoccaceae	0	0	0	0	0	0	0	0	0	0	0	0	0	0	163	314	332	520	336	225	567	118	0	17	16	3	5	70	4	89	38	60	48	21	84	0	0	0	0	0	0	5	0	0	0	0	0	0	0	0	0	0	0	0	0	0	0	0	0	0	0	0	0	0	0	0	0	0	0	0	0	0	0	0	0	0	0	0	0	4	7	0	1	0	0	0	0	0	0	0	0	2	0	0	6	0	0	354	612	0	0	357	253	1	0	707	505	0	0	484	553	0	2	847	213	869	738	154	245	334	54	0	0	0	0	0	0	1	0	0	0	0	0	0	0	0	197	0	606	3	1054	0	829	0	0	1	0	0	343
family	Main genome;Bacteria;Bacteria (superkingdom);PVC group (Planctobacteria);Verrucomicrobiota;Verrucomicrobiae;Verrucomicrobiales;Rubritaleaceae	Rubritaleaceae	0	0	0	0	0	0	0	0	0	0	0	0	0	0	0	0	0	0	0	57	0	0	0	0	0	0	0	0	0	0	0	0	0	0	1	0	0	0	0	0	0	0	0	0	0	0	0	0	0	0	0	0	0	0	0	0	0	0	0	0	0	0	0	0	0	0	0	0	0	0	0	0	0	0	0	0	0	0	0	0	0	0	0	0	0	0	0	0	0	0	0	0	0	0	0	0	0	0	0	0	0	0	0	0	0	0	0	0	0	0	0	0	0	0	0	0	0	0	0	0	0	0	0	0	0	0	0	0	0	0	0	0	0	0	0	0	0	0	0	0	0	0	0	0	0	0	0	0	0
family	Main genome;Bacteria;Bacteria (superkingdom);PVC group (Planctobacteria);Verrucomicrobiota;Verrucomicrobiae;Verrucomicrobiales;DEV007	DEV007	154	167	277	150	240	489	131	28	0	1	0	0	0	0	0	0	0	6	0	14	0	55	0	0	0	0	0	0	0	0	0	0	1	0	1	0	141	0	9	0	0	0	0	0	0	0	0	0	0	0	0	0	0	57	0	0	0	0	0	0	0	0	699	634	133	0	0	192	223	541	329	377	0	0	0	0	0	140	207	237	219	131	205	0	0	8	0	0	0	166	248	0	0	61	157	0	0	99	141	0	0	116	195	0	0	22	4	0	0	22	11	0	0	0	0	0	3	3	0	252	1032	304	250	276	96	0	0	0	117	0	0	0	0	0	27	0	0	0	209	0	57	0	37	0	280	0	74	0	60
family	Main genome;Bacteria;Bacteria (superkingdom);PVC group (Planctobacteria);Verrucomicrobiota;Verrucomicrobiae;Pedosphaerales;Pedosphaeraceae	Pedosphaeraceae	0	0	0	0	0	0	0	0	0	0	0	0	0	0	0	0	0	0	0	0	0	0	0	0	0	0	0	0	0	0	0	0	0	0	0	0	0	0	0	0	0	0	0	0	0	0	0	0	0	0	0	0	0	0	0	0	0	0	0	0	0	0	0	0	0	0	0	0	0	0	0	0	0	0	0	0	0	0	0	0	0	0	0	0	0	0	0	0	0	0	0	0	0	0	0	0	0	0	0	0	0	0	0	0	0	0	0	0	0	0	0	0	0	0	0	0	0	0	0	0	0	0	0	0	0	0	0	0	0	0	0	0	0	0	0	0	0	0	0	0	0	0	0	0	0	0	0	0	0
family	Main genome;Bacteria;Bacteria (superkingdom);PVC group (Planctobacteria);Verrucomicrobiota;Lentisphaeria;Lentisphaerales;Lentisphaeraceae	Lentisphaeraceae	0	0	0	0	0	0	0	0	0	0	0	0	0	0	0	0	1	0	5	0	82	0	0	0	0	0	0	0	0	0	0	0	0	0	0	0	0	0	0	0	0	0	0	0	0	0	0	0	0	0	0	0	0	0	0	0	0	0	0	0	0	0	0	0	0	0	0	46	0	0	0	0	0	0	0	0	0	3	1	0	0	0	0	0	0	0	0	0	0	0	0	0	0	4	0	0	0	0	0	0	0	60	7	9	0	82	7	4	4	92	87	0	15	104	4	44	156	25	61	1	22	4	24	0	0	0	0	28	0	0	0	0	0	0	2	0	0	0	110	20	201	28	166	0	0	0	8	0	0
family	Main genome;Bacteria;Bacteria (superkingdom);PVC group (Planctobacteria);Verrucomicrobiota;Lentisphaeria;Victivallales;Arctic95B-14	Arctic95B-14	0	0	0	0	0	0	0	0	0	0	0	0	0	0	0	0	0	0	0	0	0	0	0	0	0	0	0	0	0	0	0	0	0	0	0	0	0	0	0	0	0	0	0	0	0	0	0	0	0	0	0	0	0	0	0	0	0	0	0	0	0	0	0	0	0	0	0	0	0	0	0	0	0	0	0	0	0	0	0	0	0	0	0	0	0	0	0	0	0	0	0	0	0	0	0	0	0	0	0	0	0	0	0	0	0	0	0	0	0	0	0	0	0	8	33	26	34	119	0	0	0	0	0	0	0	0	0	0	0	0	0	0	0	0	0	0	0	0	0	0	0	0	0	0	0	0	0	0	0
family	Main genome;Bacteria;Bacteria (superkingdom);PVC group (Planctobacteria);Verrucomicrobiota;Kiritimatiellae;Kiritimatiellales;Kiritimatiellaceae	Kiritimatiellaceae	0	0	0	0	0	0	0	0	0	0	0	0	0	0	0	0	0	0	0	0	0	0	0	0	0	0	0	0	0	0	0	0	0	0	0	0	0	0	0	0	0	0	0	0	0	0	0	0	0	0	0	0	0	0	0	0	0	0	0	0	0	0	0	0	0	0	0	0	0	0	0	0	0	0	0	0	0	0	0	0	0	0	0	0	0	0	0	0	0	0	0	0	0	0	0	0	0	0	0	0	0	0	0	0	0	0	0	0	0	0	0	0	0	0	0	0	0	0	0	0	0	0	0	0	0	0	0	0	0	0	0	0	0	0	0	0	0	0	0	0	0	0	0	0	0	0	0	0	0
family	Main genome;Bacteria;Bacteria (superkingdom);PVC group (Planctobacteria);Planctomycetota;Planctomycetes;Pirellulales;Pirellulaceae	Pirellulaceae	228	494	412	952	558	1642	1063	7	4	1	0	0	338	0	357	29	313	521	562	1189	526	1123	3	0	0	3	0	167	252	419	400	402	595	85	183	0	0	0	0	0	0	51	191	147	0	0	0	28	67	2	50	2	0	0	0	0	0	0	3	0	0	44	311	0	67	0	0	539	767	1615	788	714	0	0	0	0	0	1876	2985	1631	1395	982	2089	3	79	0	1	75	22	228	369	15	0	134	546	0	6	972	2860	0	104	2019	880	426	151	2539	1181	32	20	1465	2058	32	0	3381	2879	4744	2784	5871	5979	4176	6206	1505	2019	2608	2190	150	351	7	263	79	0	19	0	0	231	0	88	0	3420	1476	4401	101	2509	155	459	66	217	0	708
family	Main genome;Bacteria;Bacteria (superkingdom);PVC group (Planctobacteria);Planctomycetota;Planctomycetes;Planctomycetales;Rubinisphaeraceae	Rubinisphaeraceae	7	1	42	32	13	51	70	0	0	0	0	0	0	0	0	231	38	1	0	9	4	0	0	0	0	0	0	0	0	0	0	0	1	0	0	0	0	0	0	0	0	0	0	0	0	0	0	0	0	0	0	0	0	0	0	0	0	0	0	0	0	0	51	0	0	0	0	161	277	148	137	393	0	0	0	0	0	220	136	173	140	110	248	0	0	0	0	0	0	13	13	0	0	98	265	0	0	660	800	0	0	492	202	0	0	161	128	1	5	95	34	0	0	43	197	286	0	19	438	2705	1838	332	170	468	546	0	0	0	491	0	665	0	0	0	0	0	469	0	901	0	293	4	139	0	44	0	196	0	600
family	Main genome;Bacteria;Bacteria (superkingdom);PVC group (Planctobacteria);Planctomycetota;Planctomycetes;Planctomycetales;Gimesiaceae	Gimesiaceae	0	0	0	0	0	0	0	0	0	0	0	0	0	0	0	0	0	0	0	0	0	0	0	0	0	0	0	0	0	0	0	0	1	0	0	0	0	0	0	0	0	0	0	0	0	0	0	0	0	0	0	0	0	0	0	0	0	0	0	0	0	0	0	0	0	0	0	0	0	0	0	0	0	0	0	0	0	3	88	3	9	7	12	0	0	0	0	0	0	0	0	0	0	0	49	0	0	3846	3426	0	42	625	398	15	4	638	352	0	0	389	526	0	0	1395	833	1280	1050	1738	1847	1251	1033	11	1	12	1	0	78	0	0	0	117	184	0	2	0	0	0	0	1062	51	1145	0	683	2	0	0	0	0	3164
family	Main genome;Bacteria;Bacteria (superkingdom);PVC group (Planctobacteria);Planctomycetota;Phycisphaerae;MSBL9;SG8-4	SG8-4	0	0	0	0	0	0	0	0	0	0	0	0	0	0	0	0	0	0	0	0	0	0	0	0	0	0	0	0	0	0	0	0	0	0	0	0	0	0	0	0	0	0	0	0	0	0	0	0	0	0	0	0	0	0	0	0	0	0	0	0	0	0	0	0	0	0	0	0	0	0	0	0	0	0	0	0	0	0	0	0	0	0	0	0	0	0	0	0	0	0	0	0	0	0	0	0	0	0	0	0	0	0	0	0	0	0	0	0	0	0	0	0	0	0	0	0	0	0	0	0	0	0	0	0	0	0	0	222	0	0	0	0	0	0	0	0	0	0	0	0	0	0	0	0	0	0	0	0	0
family	Main genome;Bacteria;Bacteria (superkingdom);PVC group (Planctobacteria);Planctomycetota;Phycisphaerae;MSBL9;SM23-30	SM23-30	0	0	0	0	0	0	0	0	0	0	0	0	0	0	0	0	0	0	0	0	0	0	0	0	0	0	0	0	0	0	0	0	0	0	0	0	0	0	0	0	0	0	0	0	0	0	0	0	0	0	0	0	0	0	0	0	0	0	0	0	0	0	0	0	0	0	0	0	0	0	0	0	0	0	0	0	0	0	0	0	0	0	0	0	0	0	0	0	0	0	0	0	0	0	0	0	0	0	0	0	0	0	0	0	0	0	6	0	0	0	2	0	0	0	0	0	0	0	119	0	0	0	0	0	0	0	0	0	0	0	0	0	0	0	0	0	0	0	0	0	0	0	0	0	0	0	0	0	0
family	Main genome;Bacteria;Bacteria (superkingdom);PVC group (Planctobacteria);Planctomycetota;Phycisphaerae;Phycisphaerales;Phycisphaeraceae	Phycisphaeraceae	0	0	0	0	0	0	0	0	0	0	0	0	0	0	0	57	15	0	0	0	0	0	0	0	0	0	0	0	0	0	0	0	0	0	0	0	0	0	0	0	0	0	0	0	0	0	0	0	0	0	0	0	0	0	0	0	0	0	0	0	0	0	0	0	0	0	0	0	0	0	0	0	0	0	0	0	0	0	0	0	0	0	0	0	0	0	0	0	0	0	0	0	0	0	0	0	0	0	0	0	0	0	0	0	0	0	0	0	0	0	0	0	0	0	0	0	0	0	0	0	0	0	0	0	0	0	0	0	0	0	0	0	0	0	0	0	0	0	0	0	0	0	0	0	0	0	0	0	0
family	Main genome;Bacteria;Bacteria (superkingdom);Spirochaetes superphylum;Spirochaetota;Spirochaetia;Spirochaetales;Spirochaetaceae	Spirochaetaceae	0	0	0	0	0	0	0	0	0	0	0	0	0	0	0	0	0	0	0	0	0	0	0	0	0	0	0	0	0	0	0	0	0	0	0	0	0	0	0	0	0	0	0	0	0	0	0	0	0	0	0	0	0	0	0	0	0	0	0	0	0	0	0	0	0	0	0	0	0	0	0	0	0	0	0	21	0	0	0	0	0	0	0	0	0	0	0	0	0	0	0	0	0	0	0	0	0	0	0	0	0	0	0	0	0	0	0	0	0	0	0	0	0	0	0	0	0	0	0	0	0	0	0	0	0	0	0	0	0	0	0	0	0	0	0	15	0	0	0	0	0	0	0	0	0	0	0	0	0
family	Main genome;Bacteria;Bacteria (superkingdom);Spirochaetes superphylum;Spirochaetota;Leptospirae;Leptospirales;Leptospiraceae	Leptospiraceae	0	0	0	0	0	0	0	0	0	0	0	0	0	0	0	54	11	0	0	0	0	0	0	0	0	0	0	0	0	0	0	0	0	0	0	0	0	0	0	0	0	0	0	0	0	0	0	0	0	0	0	0	0	0	0	0	0	0	0	0	0	0	0	0	0	0	0	0	0	0	0	0	0	0	0	0	0	0	0	0	0	0	0	0	0	0	0	0	0	0	0	0	0	0	0	0	0	0	0	0	0	0	0	0	0	0	0	0	0	0	0	0	0	0	0	0	0	0	0	0	0	0	0	0	0	0	0	0	0	0	0	0	0	0	0	0	130	0	0	0	0	0	0	0	0	0	0	0	0
family	Main genome;Bacteria;Bacteria (superkingdom);Halanaerobiaeota superphylum;Halanaerobiaeota;Halanaerobiia;Halanaerobiales;Halanaerobiaceae	Halanaerobiaceae	0	0	0	0	0	0	0	0	0	0	0	0	0	0	0	0	0	0	0	0	0	0	0	0	0	0	0	0	0	0	0	0	0	0	0	0	0	0	0	0	0	0	0	0	0	0	0	0	0	0	0	0	0	0	0	0	0	0	0	0	0	0	0	0	0	0	0	0	0	0	0	0	0	0	0	0	0	0	0	0	0	0	0	0	0	0	0	0	0	0	0	0	0	0	0	0	0	0	0	0	0	0	0	0	0	0	0	0	0	0	0	0	0	0	0	0	0	0	0	0	0	0	0	0	0	0	0	0	0	0	0	0	0	0	0	0	0	0	0	0	0	0	0	0	0	0	0	0	0
family	Main genome;Bacteria;Bacteria (superkingdom);Fusobacteria superphylum;Fusobacteriota;Fusobacteriia;Fusobacteriales;Fusobacteriaceae	Fusobacteriaceae	0	0	0	0	0	0	0	0	0	0	0	0	0	0	0	0	0	0	0	0	0	0	0	0	0	0	0	0	0	0	0	0	0	0	0	0	0	0	0	0	0	0	0	0	0	0	0	0	0	0	0	0	0	0	0	0	0	0	0	0	0	0	0	0	0	0	0	0	0	0	0	0	0	0	0	0	0	0	0	0	0	0	0	0	0	0	0	0	0	0	0	0	0	0	0	0	0	0	0	0	0	0	0	0	0	0	0	0	0	0	0	0	0	0	0	0	0	0	0	0	0	0	0	0	0	0	0	0	0	0	0	0	0	0	0	0	0	0	0	0	0	0	0	0	0	0	0	0	0
family	Main genome;Bacteria;Bacteria (superkingdom);Fusobacteria superphylum;Fusobacteriota;Fusobacteriia;Fusobacteriales;Leptotrichiaceae	Leptotrichiaceae	0	0	0	0	0	0	0	0	0	0	0	0	0	0	0	0	0	0	0	0	0	0	0	0	0	0	0	0	0	0	0	0	0	0	0	0	0	0	0	0	0	0	0	0	0	0	0	0	0	0	0	0	0	0	0	0	0	0	0	0	0	0	0	0	0	0	0	0	0	0	0	0	0	0	0	0	0	0	0	0	0	0	0	0	0	0	0	0	0	0	0	0	0	0	0	0	0	0	0	0	0	0	0	0	0	0	0	0	0	0	0	0	0	0	0	0	0	0	0	0	0	0	0	0	0	0	0	0	0	0	0	0	0	0	0	0	0	0	0	0	0	0	0	0	0	0	0	0	0
family	Main genome;Bacteria;Bacteria (superkingdom);Thermotogota superphylum;Thermotogota;Thermotogae;Petrotogales;Petrotogaceae	Petrotogaceae	0	0	0	0	0	0	0	0	0	0	0	0	0	0	0	0	0	0	0	0	0	0	0	0	0	0	0	0	0	0	0	0	0	0	0	0	0	0	0	0	0	0	0	0	0	0	0	0	0	0	0	0	0	0	0	0	0	0	0	0	0	0	0	0	0	0	0	0	0	0	0	0	0	0	0	0	0	0	0	0	0	0	0	0	0	0	0	0	0	0	0	0	0	0	0	0	0	0	0	0	0	0	0	0	0	0	0	0	0	0	0	0	0	0	0	0	0	0	0	0	0	0	0	0	0	0	0	0	0	0	0	0	0	0	0	0	0	0	0	0	0	0	0	0	0	0	0	0	0
family	Main genome;Bacteria;Bacteria (superkingdom);Nitrospirae superphylum;Nitrospirota;Nitrospiria;Nitrospirales;Nitrospiraceae	Nitrospiraceae	0	0	0	0	0	0	0	0	0	0	0	0	0	0	0	0	0	0	0	0	0	0	0	0	0	0	0	0	0	0	0	0	0	0	0	0	0	0	0	0	0	0	0	0	0	0	0	0	0	0	0	0	0	0	0	0	0	0	0	0	0	0	0	0	0	0	0	0	0	0	0	0	0	0	0	0	0	0	0	0	0	0	0	0	0	0	0	0	0	0	0	0	0	0	0	0	0	0	0	0	0	0	0	0	0	0	0	0	0	0	0	0	0	0	0	0	0	0	0	0	0	0	0	0	0	0	0	0	0	0	0	0	0	0	0	0	0	0	0	0	0	0	0	0	0	0	0	0	0
family	Main genome;Bacteria;Bacteria (superkingdom);Nitrospirae superphylum;Methylomirabilota;Methylomirabilia;Methylomirabilales;Methylomirabilaceae	Methylomirabilaceae	0	0	0	0	0	0	0	0	0	0	0	0	0	0	0	0	0	0	0	0	0	0	0	0	0	0	0	0	0	0	0	0	0	0	0	0	0	0	0	0	0	0	0	0	0	0	0	0	0	0	0	0	0	0	0	0	0	0	0	0	0	0	0	0	0	0	0	0	0	0	0	0	0	0	0	0	0	0	0	0	0	0	0	0	0	0	0	0	0	0	0	0	0	0	0	0	0	0	0	0	0	0	0	0	0	0	0	0	0	0	0	0	0	0	0	0	0	0	0	0	0	0	0	0	0	0	0	0	0	0	0	0	0	0	0	0	0	0	0	0	0	0	0	0	0	0	0	0	0
family	Main genome;Bacteria;Bacteria (superkingdom);Nitrospirae superphylum;Nitrospinota;Nitrospinia;Nitrospinales;Nitrospinaceae	Nitrospinaceae	0	0	0	0	0	0	0	0	0	0	0	0	0	0	0	0	0	0	0	0	0	0	0	0	0	0	0	0	0	0	0	0	0	1	0	0	0	0	0	0	0	0	0	0	0	0	0	1	84	0	0	10	36	1	22	22	0	0	0	0	0	0	0	0	0	0	0	0	0	0	0	0	0	0	0	0	0	0	0	0	0	0	0	0	0	0	0	0	0	0	0	0	0	0	0	0	0	22	56	0	0	74	103	31	0	429	299	2	29	226	468	34	4	1140	868	969	1377	321	314	93	0	0	0	0	0	0	9	0	0	5	0	0	0	0	0	0	0	0	104	104	759	3	450	138	0	0	0	0	17
family	Main genome;Bacteria;Bacteria (superkingdom);Nitrospinae Tectomicrobia group;Entotheonellaeota;Entotheonellia;Entotheonellales;Entotheonellaceae	Entotheonellaceae	0	0	0	0	0	0	0	0	0	0	0	0	0	0	0	0	0	0	0	0	0	0	0	0	0	0	0	0	0	0	0	0	0	0	0	0	0	0	0	0	0	0	0	0	0	0	0	0	0	0	0	0	0	0	0	0	0	0	0	0	0	0	0	0	0	0	0	0	0	0	0	0	0	0	0	0	0	0	0	0	0	0	0	0	0	0	0	0	0	0	0	0	0	0	0	0	0	0	0	0	0	0	0	0	0	0	0	0	0	38	5	0	0	521	322	857	932	174	37	0	0	0	0	0	0	24	0	0	3	3	0	0	0	0	0	0	0	0	0	0	0	0	91	0	0	0	0	0	0
family	Main genome;Archaea;Archaea (superkingdom);Euryarchaea sensu lato superphylum;Halobacterota;Halobacteria;Halobacterales;Halococcaceae	Halococcaceae	0	0	0	0	0	0	0	0	0	0	0	0	0	0	0	0	0	0	0	0	0	0	0	0	0	0	0	0	0	0	0	0	0	0	0	0	0	0	0	0	0	0	0	0	0	0	0	0	0	0	0	0	0	0	0	0	0	0	0	0	0	0	0	0	0	0	0	0	0	0	0	0	0	0	0	0	0	0	0	0	0	0	0	0	0	0	0	0	0	0	0	0	0	0	0	0	0	0	0	0	0	0	0	0	0	0	0	0	0	0	0	0	0	0	0	0	0	0	0	0	0	0	0	0	0	0	0	0	0	0	0	0	0	0	0	0	0	0	0	0	0	0	0	0	0	0	0	0	0
family	Main genome;Archaea;Archaea (superkingdom);Euryarchaea sensu lato superphylum;Halobacterota;Halobacteria;Halobacterales;Halomicrobiaceae	Halomicrobiaceae	0	0	0	0	0	0	0	0	0	0	0	0	0	0	0	0	0	0	0	0	0	0	0	0	0	0	0	0	0	0	0	0	0	0	0	0	0	0	0	0	0	0	0	0	0	0	0	0	0	0	0	0	0	0	0	0	0	0	0	0	0	0	0	0	0	0	0	0	0	0	0	0	0	0	0	0	0	0	0	0	0	0	0	0	0	0	1	0	0	0	0	0	0	0	0	0	0	4	4	1	1	849	801	1048	989	451	285	200	122	172	176	93	97	164	72	187	138	14	134	89	3	0	0	3	0	23	73	83	73	72	384	851	0	0	0	0	0	1	1303	3444	838	662	283	301	0	0	0	0	2
family	Main genome;Archaea;Archaea (superkingdom);TACK;Thaumarchaeota;Nitrososphaeria;Nitrosopumilales;Nitrosopumilaceae	Nitrosopumilaceae	0	0	55	0	0	1	0	0	14	24	0	0	0	2	0	29	5	4	0	17	16	6	20	55	0	0	12	0	0	0	0	1	1	0	1	0	0	0	0	0	0	0	4	1	30	0	0	0	0	0	0	56	0	0	0	0	0	0	0	0	0	0	42	0	1	0	0	0	0	0	0	0	0	0	0	0	0	46	0	1	0	0	41	1	0	0	5	4	3	0	0	45	0	3	2	1	0	0	0	1	3	2686	2793	5870	7637	31342	31802	48481	42909	24374	64573	59733	66102	55589	80724	40504	46820	68122	37528	24701	2596	3004	10627	1380	1532	242561	221712	277595	183373	238221	278271	38107	3347	2854	5279	6643	3698	0	5257	21047	58266	185415	47683	244897	0	167	4	7	0
genus	Main genome;Bacteria;Bacteria (superkingdom);Proteobacteria superphylum;Proteobacteria;Gammaproteobacteria;Enterobacterales;Vibrionaceae;Photobacterium	Photobacterium	0	0	0	1	0	0	0	0	0	0	0	0	0	0	0	0	4	57	48	193	7	53	0	0	0	0	0	0	0	0	0	0	0	0	1	0	0	0	0	0	0	0	0	10	0	0	0	0	0	0	0	0	0	0	0	0	0	0	0	0	0	0	28	59	0	0	0	0	0	0	0	0	0	0	0	0	0	0	35	0	41	1	0	0	0	0	0	0	0	0	0	0	0	0	0	0	0	0	0	0	0	15	4	0	0	0	2	0	0	1	3	0	0	48	16	40	140	23	1	7	0	0	0	31	0	0	0	0	0	273	0	0	0	0	0	0	0	0	17	0	1	0	6	0	0	0	0	0	0
genus	Main genome;Bacteria;Bacteria (superkingdom);Proteobacteria superphylum;Proteobacteria;Gammaproteobacteria;Enterobacterales;Vibrionaceae;Vibrio	Vibrio	0	0	0	14	26	9	59	0	0	0	0	0	0	0	39	0	19	4	13	8	44	0	0	0	2	0	0	0	0	4	0	0	0	0	0	0	0	0	0	0	0	0	0	0	0	0	0	0	0	0	0	0	0	0	0	0	0	0	0	0	0	0	42	0	0	0	0	0	1	0	10	371	8	0	0	0	0	0	0	0	15	0	0	0	0	0	0	0	0	86	130	0	0	0	8	0	0	0	0	0	0	1	1	22	0	4	0	0	0	0	9	0	0	9	5	0	3	0	0	0	0	0	0	0	0	0	0	0	0	0	0	0	0	0	0	0	0	0	9	58	4	0	0	0	140	2	0	0	0
genus	Main genome;Bacteria;Bacteria (superkingdom);Proteobacteria superphylum;Proteobacteria;Gammaproteobacteria;Enterobacterales;Vibrionaceae;Enterovibrio	Enterovibrio	0	0	0	0	0	0	0	0	0	0	0	0	0	0	30	0	3	26	26	1	0	55	0	0	0	0	0	0	0	0	0	0	0	0	0	0	0	0	0	0	0	0	0	1	0	0	0	0	0	0	0	0	0	0	0	0	0	0	0	0	0	0	0	0	0	0	0	0	0	0	0	0	0	0	0	0	0	0	0	0	0	0	0	0	0	0	0	0	0	0	0	0	0	0	0	0	0	0	0	0	0	0	0	0	0	0	0	0	0	0	0	0	0	0	0	0	0	0	0	0	0	0	0	0	0	0	0	0	0	0	0	0	0	0	0	0	0	0	0	0	0	0	0	0	0	0	0	0	0
genus	Main genome;Bacteria;Bacteria (superkingdom);Proteobacteria superphylum;Proteobacteria;Gammaproteobacteria;Enterobacterales;Alteromonadaceae;Aestuariibacter	Aestuariibacter	3	7	0	142	15	10	12	1	76	0	0	0	180	133	20	0	0	0	0	316	139	47	0	0	0	88	0	0	0	0	151	102	0	0	9	0	24	0	0	0	450	0	0	0	0	0	0	0	0	0	0	88	0	0	0	0	0	0	0	0	224	0	0	0	0	0	0	125	33	0	0	0	72	0	0	0	98	44	19	6	2	0	7	8	0	0	65	0	0	4	0	0	25	334	59	0	0	4	44	0	0	134	399	15	39	11	16	0	0	18	27	1	0	360	0	550	256	0	283	5	63	20	78	230	0	0	20	6819	2731	0	599	861	325	0	0	0	0	0	225	79	15	0	44	3	5	0	589	0	4
genus	Main genome;Bacteria;Bacteria (superkingdom);Proteobacteria superphylum;Proteobacteria;Gammaproteobacteria;Enterobacterales;Alteromonadaceae;Alteromonas	Alteromonas	586	535	773	1908	794	302	187	647	323	244	507	359	400	11	128	28	258	659	519	225	844	356	41	38	20	127	59	1	182	2	0	219	4	26	166	0	130	0	283	2	259	6	0	4	14	2	46	136	0	88	0	52	91	0	549	0	62	2	0	86	151	12	0	0	691	0	117	504	111	186	606	955	1221	800	417	178	878	84	1583	334	40	1077	721	61	368	32	35	20	78	1074	1292	1057	337	92	423	31	71	410	887	13	18	584	1405	826	289	667	544	667	993	957	965	383	408	936	70292	1294	3419	499	562	935	333	724	1	18	0	15113	30938	2562	6727	943	1240	634	1089	234	500	32	134	38	962	2829	1075	2647	1705	1531	1763	3869	176	98	363
genus	Main genome;Bacteria;Bacteria (superkingdom);Proteobacteria superphylum;Proteobacteria;Gammaproteobacteria;Enterobacterales;Alteromonadaceae;Paraglaciecola	Paraglaciecola	0	0	0	0	0	0	0	0	0	0	0	0	0	0	0	0	0	0	0	0	0	0	0	0	0	0	0	0	0	0	0	0	0	0	0	0	0	0	0	0	0	0	0	0	0	0	0	68	545	17	627	6011	1157	0	143	77	0	49	248	0	147	624	1	0	0	114	0	0	0	0	0	0	0	0	0	0	0	0	0	0	0	0	0	0	0	0	0	0	0	0	0	0	0	0	0	0	0	0	0	0	0	0	0	0	0	0	0	0	0	0	0	0	0	0	0	0	0	0	0	0	0	0	0	0	0	0	0	0	0	0	0	0	0	0	0	0	0	0	0	0	0	0	0	0	0	0	0	0	0
genus	Main genome;Bacteria;Bacteria (superkingdom);Proteobacteria superphylum;Proteobacteria;Gammaproteobacteria;Enterobacterales;Alteromonadaceae;Glaciecola	Glaciecola	0	0	0	0	0	0	0	0	0	0	0	0	0	0	0	0	0	0	0	0	0	0	0	0	0	0	0	0	0	0	0	0	0	0	0	0	0	0	0	0	0	0	0	0	0	0	0	36	3	0	171	31	0	0	0	0	0	0	0	0	13	17	0	0	0	0	0	0	0	0	0	0	0	0	0	0	0	0	0	0	0	0	0	0	0	0	0	0	0	0	0	0	0	0	0	0	0	0	0	0	0	0	0	0	0	0	0	0	0	0	0	0	0	0	0	0	0	0	0	0	0	0	0	0	0	0	0	0	0	0	0	0	0	0	0	0	0	0	0	0	0	0	0	0	0	0	0	0	0
genus	Main genome;Bacteria;Bacteria (superkingdom);Proteobacteria superphylum;Proteobacteria;Gammaproteobacteria;Enterobacterales;Alteromonadaceae;Aliiglaciecola	Aliiglaciecola	27	8	0	36	87	63	109	0	0	0	0	0	104	0	0	3	17	0	20	0	1	0	0	0	2	0	0	0	0	0	0	0	0	0	0	0	0	0	0	0	0	3	1	3	0	0	0	0	0	0	0	0	0	0	0	0	0	0	0	0	0	0	17	0	0	0	0	44	1	17	10	8	0	0	0	0	0	0	0	0	0	0	0	0	0	0	0	0	0	4	0	0	0	28	8	0	0	13	32	0	0	1	16	0	20	1	0	0	0	1	0	0	7	0	0	0	0	0	11	18	19	9	0	0	0	0	0	0	0	0	0	0	0	0	0	0	0	0	16	0	0	0	0	0	9	0	47	0	13
genus	Main genome;Bacteria;Bacteria (superkingdom);Proteobacteria superphylum;Proteobacteria;Gammaproteobacteria;Enterobacterales;Colwelliaceae;Colwellia	Colwellia	0	0	0	0	0	0	0	0	0	0	0	0	0	0	0	0	0	0	0	0	0	0	0	0	0	0	0	0	0	0	0	0	0	0	0	0	0	0	0	0	0	0	0	0	0	0	0	1	0	0	0	506	74	4	0	5	1	9	71	0	0	35	0	0	0	0	28	0	0	0	0	0	0	0	0	0	0	0	0	0	0	0	0	0	0	0	0	0	0	0	0	0	0	0	0	0	0	0	0	0	0	0	0	0	0	0	0	0	0	0	0	0	0	0	0	0	0	0	0	0	0	0	0	0	0	0	0	0	0	0	0	0	0	0	0	0	0	0	0	0	0	0	0	0	0	0	0	0	0
genus	Main genome;Bacteria;Bacteria (superkingdom);Proteobacteria superphylum;Proteobacteria;Gammaproteobacteria;Enterobacterales;Colwelliaceae;Thalassotalea	Thalassotalea	0	0	0	0	0	0	0	0	0	0	0	0	0	0	0	0	0	0	0	0	0	0	0	0	0	0	0	0	0	0	0	0	0	0	0	0	0	0	0	0	0	0	0	0	0	0	0	0	0	0	0	0	0	0	0	0	0	0	0	0	0	0	0	0	0	0	0	0	0	0	0	0	0	0	0	0	0	0	0	0	0	0	0	0	0	0	0	0	0	0	0	0	0	0	0	0	0	0	0	0	0	0	0	0	0	0	0	0	0	0	0	0	0	0	0	0	0	0	0	3	0	0	0	0	0	193	0	0	0	0	0	0	0	0	0	0	0	0	0	0	0	0	0	0	0	0	0	0	0
genus	Main genome;Bacteria;Bacteria (superkingdom);Proteobacteria superphylum;Proteobacteria;Gammaproteobacteria;Enterobacterales;Aeromonadaceae;Aeromonas	Aeromonas	0	0	0	0	0	0	0	0	0	0	0	0	0	0	2	0	0	0	0	48	0	0	0	0	0	0	0	0	0	0	0	0	0	0	0	0	0	0	0	0	0	0	0	0	0	0	0	0	0	0	0	28	0	0	0	0	0	0	0	0	0	0	0	0	0	0	0	0	0	0	0	0	0	0	0	0	0	0	0	0	0	0	0	0	0	0	0	0	0	0	0	0	0	0	0	0	0	0	0	0	0	0	0	0	0	0	0	0	0	0	0	0	0	0	0	0	0	0	0	0	0	0	0	0	0	0	0	0	0	10	0	0	0	0	0	0	0	0	0	0	0	0	0	0	0	0	0	0	0
genus	Main genome;Bacteria;Bacteria (superkingdom);Proteobacteria superphylum;Proteobacteria;Gammaproteobacteria;Enterobacterales;Pseudoalteromonadaceae;Pseudoalteromonas	Pseudoalteromonas	52	9	26	81	39	135	49	31	0	9	1	0	25	93	34	361	297	365	103	80	456	101	72	0	21	5	4	267	278	348	178	87	388	86	333	9	277	4	0	0	0	0	0	13	0	0	0	0	76	31	0	48	42	5	251	0	0	1	56	44	46	70	5	0	345	1	0	365	38	121	135	516	310	231	10	42	8	1	0	5	1	1	2	0	0	0	0	0	0	10	6	0	101	652	31	0	13	8	140	144	8	15	725	6	0	1770	1160	88	97	79	131	50	2	0	30	16	54	317	253	35	123	0	5	51	139	0	17	87	119	136	13	0	275	0	0	0	69	595	24	16	2819	251	129	231	8	0	1082	0	5
genus	Main genome;Bacteria;Bacteria (superkingdom);Proteobacteria superphylum;Proteobacteria;Gammaproteobacteria;Enterobacterales;Pseudoalteromonadaceae;Psychrosphaera	Psychrosphaera	0	0	0	0	0	0	0	0	0	0	0	0	0	0	0	0	0	0	0	0	0	0	112	0	25	0	0	0	0	0	0	0	0	0	0	0	0	0	0	0	0	0	0	0	0	0	0	0	0	0	0	0	0	0	0	0	0	0	0	0	0	0	0	0	0	0	0	0	0	0	0	0	0	0	0	0	0	0	0	0	0	0	0	0	0	0	0	0	0	0	0	0	0	0	0	0	0	0	0	0	0	0	59	0	0	0	0	0	0	0	0	0	0	0	0	0	0	0	0	0	0	0	0	0	0	0	0	0	0	0	0	0	0	0	0	0	0	0	0	0	0	0	0	0	0	0	0	0	0
genus	Main genome;Bacteria;Bacteria (superkingdom);Proteobacteria superphylum;Proteobacteria;Gammaproteobacteria;Enterobacterales;Pseudoalteromonadaceae;Algicola	Algicola	0	0	0	0	0	0	0	0	0	0	0	0	0	0	0	108	33	0	0	0	0	0	0	0	0	53	0	0	0	0	0	0	0	0	0	0	0	0	0	0	0	0	0	0	0	0	0	0	0	0	0	0	0	0	0	0	0	0	0	0	0	0	0	0	0	0	0	0	0	0	0	0	0	0	0	0	0	0	0	0	0	0	0	0	0	0	0	0	0	0	0	0	0	0	0	0	0	0	0	0	0	0	40	0	0	35	54	0	0	0	0	0	0	0	0	0	0	0	0	0	0	0	0	0	0	0	0	0	0	0	0	0	0	0	0	0	0	0	0	0	51	0	0	0	0	0	0	0	0
genus	Main genome;Bacteria;Bacteria (superkingdom);Proteobacteria superphylum;Proteobacteria;Gammaproteobacteria;Enterobacterales;Shewanellaceae;Ferrimonas	Ferrimonas	0	0	0	0	0	0	0	0	0	0	0	0	0	0	0	97	18	0	0	0	0	0	0	0	0	0	0	0	0	0	0	0	0	0	0	0	0	0	0	0	0	0	0	0	0	0	0	0	0	0	0	0	0	0	0	0	0	0	0	0	0	0	0	0	0	0	0	0	0	0	0	0	0	0	0	0	0	0	0	0	0	0	0	0	0	0	0	0	0	0	0	0	0	0	0	0	0	0	0	0	0	0	0	0	0	0	0	0	0	0	0	0	0	0	0	0	0	0	0	0	0	0	0	0	0	0	0	0	0	0	0	0	0	0	0	0	0	0	0	0	0	0	0	0	0	0	0	0	0
genus	Main genome;Bacteria;Bacteria (superkingdom);Proteobacteria superphylum;Proteobacteria;Gammaproteobacteria;Enterobacterales;Moritellaceae;Moritella	Moritella	0	0	0	0	0	0	0	0	0	0	0	0	0	0	0	0	0	0	0	0	0	0	0	0	0	0	0	0	0	0	0	0	0	0	0	0	0	0	0	0	0	0	0	0	0	0	0	0	0	0	0	90	217	183	0	0	1	0	0	0	0	0	0	19	0	0	0	0	0	0	0	0	0	0	0	0	0	0	0	0	0	0	0	0	0	0	0	0	0	0	0	0	0	0	0	0	0	0	0	0	0	0	0	0	0	0	0	0	0	0	0	0	0	0	0	0	0	0	0	0	0	0	0	0	0	0	0	0	0	0	0	0	0	0	0	0	0	0	0	0	0	0	0	0	0	0	0	0	0
genus	Main genome;Bacteria;Bacteria (superkingdom);Proteobacteria superphylum;Proteobacteria;Gammaproteobacteria;Enterobacterales;Idiomarinaceae;Idiomarina	Idiomarina	2	0	0	0	30	9	0	0	0	0	0	0	0	0	5	0	1	4	8	7	37	20	0	0	0	43	0	0	0	11	19	4	0	0	0	0	0	0	0	0	0	0	0	0	0	0	0	0	0	0	0	0	0	0	0	0	0	0	0	0	0	0	51	0	0	0	0	4	19	20	0	0	0	0	0	0	0	2	0	0	0	0	2	0	0	0	0	0	2	0	13	0	0	146	129	0	0	1	8	0	2	3	4	0	0	42	16	8	2	65	7	1	9	3	228	0	62	0	45	47	54	58	0	0	41	7	332	0	0	0	117	0	0	38	0	0	26	0	9	0	80	33	125	0	0	0	226	0	0
genus	Main genome;Bacteria;Bacteria (superkingdom);Proteobacteria superphylum;Proteobacteria;Gammaproteobacteria;Enterobacterales;Kangiellaceae;Kangiella	Kangiella	0	0	0	0	0	0	0	0	0	0	0	0	0	0	4	55	7	0	0	8	0	0	0	0	0	0	0	0	0	0	0	0	0	0	0	0	0	0	0	0	0	0	0	0	0	0	0	0	0	0	0	0	0	0	0	0	0	0	0	0	0	0	0	0	0	0	0	0	0	0	0	0	0	0	0	0	0	0	0	0	0	0	0	0	0	0	0	0	0	0	0	0	0	0	0	0	0	0	0	0	0	0	0	0	0	0	0	0	0	0	0	0	0	0	0	0	0	0	0	0	0	0	0	0	0	0	0	0	0	0	0	0	0	0	0	0	0	0	0	0	0	0	0	0	0	0	0	0	0
genus	Main genome;Bacteria;Bacteria (superkingdom);Proteobacteria superphylum;Proteobacteria;Gammaproteobacteria;Pseudomonadales;Pseudomonadaceae;Pseudomonas	Pseudomonas	0	0	0	0	0	0	0	3	0	15	0	0	0	0	0	0	6	0	5	0	60	0	0	0	0	0	0	0	0	0	0	0	0	0	2	0	0	0	0	0	0	0	0	0	0	0	0	0	68	0	0	15	0	0	0	0	0	0	3	0	0	0	0	0	0	7	0	0	10	0	0	0	0	0	0	0	0	0	0	0	0	0	0	0	0	0	0	10	0	0	0	0	18	0	0	0	0	0	0	0	0	0	0	0	0	0	0	6	0	7237	1	109	0	0	0	0	1	0	0	0	0	0	0	0	0	60	0	0	0	0	0	16	0	0	0	0	0	0	0	0	0	20	12154	440	0	0	0	0	0
genus	Main genome;Bacteria;Bacteria (superkingdom);Proteobacteria superphylum;Proteobacteria;Gammaproteobacteria;Pseudomonadales;Moraxellaceae;Acinetobacter	Acinetobacter	14	1	0	0	0	6	0	10	0	0	0	51	0	0	59	148	61	98	0	35	0	5	3	0	0	63	0	0	17	0	0	3	0	0	78	0	0	4	0	0	0	0	0	0	0	0	0	0	7	0	0	0	0	0	0	0	0	0	0	0	0	33	0	56	0	0	0	0	0	0	0	0	17	0	0	0	0	2	0	0	0	0	0	6	0	0	0	0	0	24	0	0	10	0	0	0	1	0	0	0	0	0	0	0	0	0	0	0	0	0	0	0	0	0	20	0	0	0	0	0	0	0	0	0	0	18	1	0	117	3	0	0	1	0	0	11	23	0	0	0	0	0	0	0	40	0	0	0	0
genus	Main genome;Bacteria;Bacteria (superkingdom);Proteobacteria superphylum;Proteobacteria;Gammaproteobacteria;Pseudomonadales;Moraxellaceae;Psychrobacter	Psychrobacter	0	0	0	0	0	0	0	0	0	0	0	0	0	0	2	147	181	332	124	362	72	363	0	0	0	0	3	34	30	458	16	21	330	36	431	0	0	0	0	0	0	0	0	0	0	0	0	0	0	17	64	0	0	0	0	2	2	0	0	3	1	40	0	104	44	0	0	0	0	0	0	0	0	0	0	0	0	0	0	0	0	0	0	0	0	0	0	0	10	0	0	0	0	0	0	0	0	3	0	0	0	0	0	0	0	0	0	0	2	0	0	0	0	0	6	0	0	0	0	0	0	0	0	0	0	0	0	0	0	0	0	0	0	0	0	0	0	0	0	0	2	0	0	0	0	0	0	0	0
genus	Main genome;Bacteria;Bacteria (superkingdom);Proteobacteria superphylum;Proteobacteria;Gammaproteobacteria;Pseudomonadales;Halomonadaceae;Halomonas	Halomonas	0	0	0	1	0	0	8	0	0	0	0	0	0	0	0	3	0	4	2	44	0	55	117	0	0	0	0	0	2	1	11	20	8	0	2	0	0	18	128	0	0	4	128	37	1	0	0	0	0	0	0	0	0	1	0	0	0	2	0	0	21	0	7	0	0	0	0	0	0	5	43	0	0	0	0	0	0	14	0	0	0	0	22	0	0	0	0	0	5	30	4	0	5	2	3	0	0	30	11	0	0	0	30	0	0	5	10	0	8	0	50	0	0	2	0	16	61	4	133	515	6	17	0	0	2	0	0	0	0	0	114	12	0	0	0	285	0	0	0	0	16	0	0	0	57	0	1	0	25
genus	Main genome;Bacteria;Bacteria (superkingdom);Proteobacteria superphylum;Proteobacteria;Gammaproteobacteria;Pseudomonadales;Halomonadaceae;Oceanospirillum	Oceanospirillum	0	0	0	0	0	0	0	0	0	0	0	0	0	0	0	0	0	82	0	0	0	0	0	0	0	0	0	0	0	0	0	0	0	0	0	0	0	0	0	0	0	0	0	0	0	0	0	0	0	0	0	0	0	0	0	0	0	0	0	0	0	0	2	0	0	0	0	0	0	0	0	0	0	0	0	0	0	0	0	0	0	0	0	0	0	0	0	0	0	0	0	0	0	0	0	0	0	0	0	0	0	0	0	0	0	0	0	0	0	0	0	0	0	0	0	0	0	0	0	0	0	0	0	0	0	0	0	0	0	0	0	0	0	0	0	0	0	0	0	0	0	0	0	0	0	0	0	0	0
genus	Main genome;Bacteria;Bacteria (superkingdom);Proteobacteria superphylum;Proteobacteria;Gammaproteobacteria;Pseudomonadales;Halomonadaceae;Cobetia	Cobetia	0	0	0	0	0	0	0	0	0	0	0	0	0	0	1	282	134	310	81	195	684	1085	1	17	0	0	3	0	3	84	0	0	107	11	81	0	0	0	0	0	0	0	0	0	0	0	0	0	0	0	0	0	0	0	0	0	0	0	0	0	0	0	0	0	0	0	0	0	0	0	0	0	0	0	0	0	0	0	0	0	0	0	0	0	0	0	0	0	0	0	0	0	0	0	0	0	0	0	0	0	0	0	0	0	0	0	0	0	0	0	0	0	0	0	0	0	0	250	0	0	0	0	0	0	0	0	0	0	49	0	0	0	0	0	0	0	86	0	0	0	0	0	0	0	0	0	0	0	0
genus	Main genome;Bacteria;Bacteria (superkingdom);Proteobacteria superphylum;Proteobacteria;Gammaproteobacteria;Pseudomonadales;Halomonadaceae;Chromohalobacter	Chromohalobacter	0	0	0	11	0	0	0	0	0	0	0	0	0	0	0	0	0	0	0	0	0	0	0	0	0	0	0	5	0	0	0	0	1	0	0	0	0	26	0	0	0	0	0	0	0	0	0	0	0	0	0	0	0	0	0	0	0	0	0	0	5	0	8	0	0	0	0	0	0	0	0	0	0	0	0	0	1	0	0	0	0	0	0	0	0	0	0	0	0	0	0	7	0	0	0	0	0	0	0	0	0	0	0	0	0	0	1	0	0	2	16	0	0	0	0	0	0	17	0	0	0	0	0	0	0	0	0	0	0	0	0	0	0	0	0	0	0	0	0	0	0	0	5	0	0	12	0	0	0
genus	Main genome;Bacteria;Bacteria (superkingdom);Proteobacteria superphylum;Proteobacteria;Gammaproteobacteria;Pseudomonadales;Halomonadaceae;Salinicola	Salinicola	0	0	0	0	0	0	0	3	0	2	0	0	0	0	0	0	0	0	0	0	0	0	0	0	0	0	0	2	0	7	0	20	0	1	0	0	0	0	0	0	0	0	0	0	0	0	0	0	0	0	112	8	0	0	0	0	0	0	0	0	1	1	0	0	0	0	0	0	0	0	0	0	0	0	0	0	0	6	1	0	9	0	0	0	0	0	0	3	0	0	0	0	0	0	0	0	5	0	0	0	0	0	0	0	0	0	0	0	0	518	0	3	6	216	207	42	59	93	24	0	13	2	11	9	1	32	59	0	6	0	1	0	0	0	9	0	0	0	0	0	0	0	972	23	0	0	0	0	0
genus	Main genome;Bacteria;Bacteria (superkingdom);Proteobacteria superphylum;Proteobacteria;Gammaproteobacteria;Pseudomonadales;Marinomonadaceae;Marinomonas	Marinomonas	0	0	0	0	0	0	0	18	0	0	0	0	0	0	6	24	54	131	18	14	19	9	0	0	0	0	0	0	0	0	0	0	0	0	0	0	0	0	0	0	0	0	0	0	0	0	0	0	0	4	65	15	0	5	0	0	0	0	0	0	0	0	0	0	0	0	5	0	0	52	0	0	0	0	0	0	0	0	0	0	0	0	0	0	0	0	0	0	0	0	0	0	0	0	0	0	0	0	0	0	0	0	0	0	0	0	0	0	0	0	0	0	0	0	0	0	0	0	0	0	0	0	0	0	0	0	0	0	0	0	0	0	0	0	0	0	0	0	0	0	0	0	0	0	0	0	0	0	0
genus	Main genome;Bacteria;Bacteria (superkingdom);Proteobacteria superphylum;Proteobacteria;Gammaproteobacteria;Pseudomonadales;Porticoccaceae;Porticoccus	Porticoccus	0	0	0	0	0	0	0	0	0	0	0	0	0	0	182	0	18	51	47	2	26	16	0	0	0	0	0	1	35	21	1	0	0	0	0	0	0	0	0	0	0	266	207	146	25	12	30	0	0	0	0	2	0	0	0	0	0	0	0	0	0	0	0	0	0	0	0	0	0	0	0	0	0	0	0	0	0	0	0	0	0	0	0	0	0	0	0	0	0	0	0	0	0	0	0	0	0	0	0	0	0	0	0	0	0	0	0	0	0	0	0	0	0	0	0	0	0	0	0	0	0	0	0	0	0	0	0	0	0	0	0	0	0	0	0	0	0	0	0	0	0	0	0	0	0	0	0	0	0
genus	Main genome;Bacteria;Bacteria (superkingdom);Proteobacteria superphylum;Proteobacteria;Gammaproteobacteria;Pseudomonadales;Porticoccaceae;SAR92 clade	SAR92 clade	29	72	115	23	40	10	47	19	36	0	0	0	0	0	1	194	129	28	126	0	93	31	0	16	6	1	46	178	91	63	52	15	16	152	162	1	0	0	0	0	0	259	357	307	9	43	0	347	2931	8382	832	969	408	7844	978	2732	1605	486	449	2311	226	137	0	1212	209	383	2567	0	56	26	43	1	2	0	0	0	0	38	2	3	44	23	22	0	0	11	59	0	0	72	2	0	0	2	0	0	0	0	0	1	0	0	92	0	0	0	0	0	0	0	0	0	0	0	0	0	0	0	1	0	40	15	9	12	12	0	283	120	0	0	0	0	0	0	0	0	118	4	0	0	2	0	0	0	105	5	12	0	0
genus	Main genome;Bacteria;Bacteria (superkingdom);Proteobacteria superphylum;Proteobacteria;Gammaproteobacteria;Pseudomonadales;Spongiibacteraceae;BD1-7 clade	BD1-7 clade	6	32	13	13	100	49	11	15	59	0	0	0	0	0	91	39	16	71	81	83	157	4	0	5	17	0	0	0	43	2	0	0	0	48	3	0	0	0	0	0	0	134	132	56	6	0	0	0	0	0	0	0	0	0	0	0	0	0	0	0	0	0	220	0	0	0	0	17	83	35	28	56	0	0	0	0	1	81	43	30	33	109	98	12	0	93	0	43	1	53	119	0	64	0	11	0	0	0	24	0	0	58	40	0	0	70	35	7	3	52	8	0	0	1	26	112	0	58	337	411	346	50	38	121	211	0	0	14	206	0	329	0	0	0	0	0	0	0	82	0	124	21	77	0	80	3	0	0	0
genus	Main genome;Bacteria;Bacteria (superkingdom);Proteobacteria superphylum;Proteobacteria;Gammaproteobacteria;Pseudomonadales;Spongiibacteraceae;Zhongshania	Zhongshania	0	0	0	0	0	0	0	0	0	0	0	0	0	0	0	0	0	0	0	0	0	0	0	0	0	0	0	0	0	0	0	0	0	0	0	0	0	0	0	0	0	0	0	0	0	0	0	2	0	0	156	17	0	0	0	0	0	0	0	0	110	0	0	0	0	0	0	0	0	0	0	0	0	0	0	0	0	0	0	0	0	0	0	0	0	0	0	0	0	0	0	0	0	0	0	0	0	0	0	0	0	0	0	0	0	0	0	0	0	0	0	0	0	0	0	0	0	0	0	0	0	0	0	0	0	0	0	0	0	0	0	0	0	0	0	0	0	0	0	0	0	0	0	0	0	0	0	0	0
genus	Main genome;Bacteria;Bacteria (superkingdom);Proteobacteria superphylum;Proteobacteria;Gammaproteobacteria;Pseudomonadales;Pseudohongiellaceae;Pseudohongiella	Pseudohongiella	67	79	24	48	4	56	33	0	0	0	0	0	11	0	26	287	102	93	69	33	76	24	0	0	10	4	0	221	162	88	78	19	29	67	149	0	0	0	0	0	0	106	284	176	1	5	0	0	370	143	170	68	96	301	83	66	185	31	60	59	3	10	71	14	118	80	118	76	47	10	12	86	1	0	0	0	0	127	103	181	71	71	172	46	0	8	0	0	0	54	142	0	0	272	190	0	0	452	635	6	37	179	134	17	15	406	187	0	0	212	319	4	0	395	276	308	100	220	334	808	518	756	483	731	257	0	129	0	1	0	9	43	0	9	4	0	166	32	280	82	680	0	428	15	115	5	510	0	337
genus	Main genome;Bacteria;Bacteria (superkingdom);Proteobacteria superphylum;Proteobacteria;Gammaproteobacteria;Pseudomonadales;Nitrincolaceae;Marinobacterium	Marinobacterium	0	0	0	0	0	0	0	0	0	0	0	0	0	0	8	0	9	31	10	82	7	23	0	0	0	0	0	0	0	0	0	0	0	0	1	0	0	0	0	0	0	0	0	0	0	0	0	0	0	0	0	0	0	0	0	0	0	0	0	0	0	0	0	0	0	0	0	0	0	0	0	0	0	0	0	0	0	0	0	0	0	0	0	0	0	0	0	0	0	0	0	0	0	0	0	0	0	0	0	0	0	0	0	0	0	0	0	0	0	0	0	0	0	0	0	0	0	0	0	0	0	0	0	0	0	0	0	0	0	0	0	0	0	0	0	0	0	0	0	0	0	0	0	0	0	0	0	0	0
genus	Main genome;Bacteria;Bacteria (superkingdom);Proteobacteria superphylum;Proteobacteria;Gammaproteobacteria;Pseudomonadales;Nitrincolaceae;Profundimonas	Profundimonas	0	0	0	0	0	0	0	0	0	0	0	0	0	0	0	0	0	0	0	0	0	0	0	0	0	0	0	0	0	0	0	0	0	0	0	0	0	0	0	0	0	0	0	0	0	0	0	35	3	0	28	65	26	0	3	0	0	4	0	0	0	0	0	0	0	0	0	0	0	0	0	0	0	0	0	0	0	0	0	0	0	0	0	0	0	0	0	0	0	0	0	0	0	0	0	0	0	0	0	0	0	0	0	0	0	0	0	0	0	0	0	0	0	0	0	0	0	0	0	0	0	0	0	0	0	0	0	0	0	0	0	0	0	0	0	0	0	0	0	0	0	0	0	0	0	0	0	0	0
genus	Main genome;Bacteria;Bacteria (superkingdom);Proteobacteria superphylum;Proteobacteria;Gammaproteobacteria;Pseudomonadales;Nitrincolaceae;Neptuniibacter	Neptuniibacter	0	0	0	0	0	0	0	0	0	0	0	0	0	0	0	0	0	0	0	0	0	0	0	0	0	0	0	0	0	0	0	0	0	0	0	0	0	0	0	0	0	0	0	0	0	0	0	0	0	0	0	0	3	0	253	0	0	0	0	0	0	0	0	18	0	0	0	0	0	0	0	0	0	0	0	0	0	0	0	0	0	0	0	0	0	0	0	0	0	0	0	0	0	0	0	0	0	0	0	0	0	0	46	0	0	0	0	0	0	0	0	0	0	0	0	0	0	0	0	0	0	0	0	0	0	0	0	0	0	0	0	0	0	0	0	0	0	0	0	0	0	0	0	0	0	0	0	0	0
genus	Main genome;Bacteria;Bacteria (superkingdom);Proteobacteria superphylum;Proteobacteria;Gammaproteobacteria;Pseudomonadales;Saccharospirillaceae;Thalassolituus	Thalassolituus	0	0	0	0	0	0	0	0	0	0	0	0	0	0	0	0	0	0	0	0	0	0	0	0	0	0	0	0	0	0	0	0	0	0	0	0	0	0	0	0	0	0	0	0	0	0	0	0	0	0	0	0	0	0	0	0	0	0	0	0	0	0	0	0	0	0	0	0	0	0	0	0	0	0	0	0	0	0	0	0	0	0	0	0	0	0	0	0	0	0	0	0	0	0	0	0	0	0	0	0	0	0	0	0	0	0	0	0	0	0	0	0	0	0	0	0	0	0	0	0	0	0	0	0	0	0	959	0	0	0	0	0	0	0	0	0	0	0	0	0	0	0	0	0	0	0	0	0	0
genus	Main genome;Bacteria;Bacteria (superkingdom);Proteobacteria superphylum;Proteobacteria;Gammaproteobacteria;Pseudomonadales;Saccharospirillaceae;Oleibacter	Oleibacter	0	0	0	0	0	0	0	0	0	0	0	0	0	0	0	0	0	0	0	0	0	0	0	0	6	0	0	0	0	0	0	0	0	0	0	0	0	0	0	0	0	0	0	0	0	0	0	0	0	0	0	0	4	3	0	0	0	0	0	0	0	5	0	0	0	0	0	0	0	0	0	0	0	0	0	0	0	0	0	0	0	0	0	3	0	0	0	9	0	0	0	0	0	0	0	0	0	0	0	0	0	0	0	1	0	0	3	0	0	0	0	0	8	21	0	2	0	0	0	0	0	0	0	0	0	1184	0	0	0	0	0	0	15	0	0	0	0	0	0	3	0	0	3	0	0	0	0	0	0
genus	Main genome;Bacteria;Bacteria (superkingdom);Proteobacteria superphylum;Proteobacteria;Gammaproteobacteria;Pseudomonadales;Saccharospirillaceae;Oleispira	Oleispira	0	0	0	0	0	0	0	0	0	0	0	0	0	1	0	0	0	0	0	0	0	0	0	0	0	0	0	0	0	0	0	0	0	0	0	0	0	0	0	0	0	0	0	0	0	0	0	0	0	0	0	0	0	0	0	0	0	0	0	0	0	0	0	0	0	0	0	0	0	0	0	0	0	0	0	0	0	0	0	0	0	0	0	0	0	0	25	0	0	0	0	0	0	0	0	0	0	0	0	0	0	0	0	0	0	0	0	0	0	0	0	0	0	0	0	0	0	0	0	0	0	0	0	0	0	0	0	0	0	0	0	0	0	0	0	0	0	0	0	0	0	0	0	0	0	0	0	0	0
genus	Main genome;Bacteria;Bacteria (superkingdom);Proteobacteria superphylum;Proteobacteria;Gammaproteobacteria;Pseudomonadales;Marinobacteraceae;Marinobacter	Marinobacter	52	89	66	136	88	77	11	80	0	0	1	0	0	0	37	0	16	3	8	20	52	2	0	0	0	0	0	0	0	0	0	2	50	0	0	0	0	0	0	0	0	0	2	66	0	0	0	0	0	0	0	0	0	0	0	0	0	0	0	0	0	0	3	0	333	0	0	24	14	24	86	8	0	34	0	0	0	13	10	16	0	0	58	0	0	33	2	0	1	15	185	0	58	4	10	0	6	14	81	0	0	82	20	54	17	79	137	14	10	159	282	17	20	516	0	382	19	0	65	5	10	13	2	0	17	593	53	251	0	0	0	4	5	267	1	298	104	0	149	190	150	30	268	73	39	0	6	1	6
genus	Main genome;Bacteria;Bacteria (superkingdom);Proteobacteria superphylum;Proteobacteria;Gammaproteobacteria;Pseudomonadales;Alcanivoracaceae1;Alcanivorax	Alcanivorax	157	229	229	153	58	79	74	8	1	0	0	0	40	0	53	38	39	59	102	4	34	9	1	0	0	0	16	867	904	812	355	471	668	602	554	2	134	3	1	0	0	76	111	32	0	0	0	0	0	0	0	0	0	0	0	0	0	0	0	0	3	0	5	0	0	0	0	79	129	16	122	151	1	0	0	0	0	114	38	14	17	2	20	6	0	13	32	4	13	142	190	21	149	111	33	0	0	18	2	0	0	70	237	59	28	698	341	13	2	3	6	20	0	4076	4591	141	91	913	1061	237	315	125	46	37	109	707	809	4	0	0	433	15	89	67	0	0	0	0	126	251	1058	51	12	48	283	42	240	0	20
genus	Main genome;Bacteria;Bacteria (superkingdom);Proteobacteria superphylum;Proteobacteria;Gammaproteobacteria;Pseudomonadales;Cellvibrionaceae;Simiduia	Simiduia	0	0	0	0	0	0	0	0	0	0	0	0	0	0	0	0	0	0	0	0	0	0	0	0	0	0	0	0	0	0	0	0	0	0	0	0	0	0	0	0	0	0	0	0	0	0	0	0	0	0	0	0	0	0	0	0	0	0	0	0	0	0	0	0	0	0	0	0	0	0	0	0	0	0	0	0	0	0	0	0	0	0	0	0	0	0	0	0	0	0	0	0	4	0	0	0	0	0	0	0	0	0	0	23	43	0	0	0	0	0	0	6	0	0	0	0	0	0	0	0	0	0	0	0	0	0	0	0	0	0	0	0	0	0	0	0	0	0	0	91	0	0	0	24	0	0	0	0	0
genus	Main genome;Bacteria;Bacteria (superkingdom);Proteobacteria superphylum;Proteobacteria;Gammaproteobacteria;Pseudomonadales;Cellvibrionaceae;Gilvimarinus	Gilvimarinus	0	0	0	0	0	0	0	0	0	0	0	0	0	0	0	0	0	0	0	0	0	0	0	0	0	0	0	0	0	0	0	0	0	0	0	0	0	0	0	0	0	0	0	0	0	0	0	0	0	0	0	0	0	0	0	0	0	0	0	0	0	0	0	0	0	0	0	0	0	0	0	0	0	0	0	0	0	0	0	0	0	0	0	0	0	0	0	0	0	0	0	0	0	0	0	0	0	0	0	0	0	0	0	0	0	0	0	0	0	0	0	0	0	0	0	0	0	0	141	0	0	0	0	0	0	0	0	0	0	0	46	0	0	0	0	0	0	0	0	0	0	0	0	0	0	0	0	0	0
genus	Main genome;Bacteria;Bacteria (superkingdom);Proteobacteria superphylum;Proteobacteria;Gammaproteobacteria;Pseudomonadales;Oleiphilaceae;Oleiphilus	Oleiphilus	0	0	0	0	0	0	0	0	0	0	0	0	0	0	0	0	0	0	0	0	0	0	0	0	0	0	0	0	0	0	0	0	0	0	0	0	0	0	0	0	0	0	0	0	0	0	0	0	0	0	0	0	0	0	0	0	0	0	0	0	0	0	0	0	0	0	0	0	0	0	0	0	0	0	0	0	0	0	0	0	0	0	0	0	0	0	0	0	0	0	0	0	45	0	0	0	0	0	0	0	0	0	0	15	22	0	0	0	0	0	3	0	0	0	0	0	0	0	0	0	0	0	0	0	0	0	0	0	0	0	0	0	0	0	0	0	0	2	0	49	0	0	0	0	0	0	0	0	0
genus	Main genome;Bacteria;Bacteria (superkingdom);Proteobacteria superphylum;Proteobacteria;Gammaproteobacteria;Pseudomonadales;Halieaceae;OM60(NOR5) clade	OM60(NOR5) clade	225	373	569	312	354	1188	763	1	5	150	92	7	195	0	1618	1492	1272	1607	1258	975	1891	1059	3	16	69	116	167	2263	2725	2674	2397	2295	2115	3166	2589	95	317	0	1	11	0	2594	2689	2044	93	65	35	63	92	3	147	170	2	80	17	18	0	39	1	1	0	0	612	77	2	0	0	746	994	574	581	1364	3	9	7	11	7	437	417	526	412	198	564	82	0	4	0	0	0	474	693	74	0	306	229	70	5	183	402	0	11	27	1420	7	0	3	0	0	0	0	0	0	0	32	0	0	87	0	0	602	909	1656	1462	1475	1463	320	0	0	655	685	0	69	536	12	166	147	392	4	51	27	14	0	0	0	901	292	511	258	149
genus	Main genome;Bacteria;Bacteria (superkingdom);Proteobacteria superphylum;Proteobacteria;Gammaproteobacteria;Pseudomonadales;Halieaceae;Luminiphilus	Luminiphilus	0	0	5	0	0	0	0	0	0	0	0	0	0	0	59	77	18	21	22	10	58	26	0	0	0	0	0	4	5	34	96	8	25	16	29	0	0	0	0	0	0	2	47	85	0	6	0	0	0	0	0	0	0	0	0	0	0	0	0	0	0	0	14	0	0	0	0	0	0	8	1	0	0	0	0	0	0	7	0	0	2	0	0	0	0	0	0	0	0	0	0	0	0	0	0	0	0	0	0	0	0	0	0	0	0	0	0	0	0	0	0	0	0	0	0	0	0	0	0	0	7	0	1	0	1	0	0	0	38	0	0	5	0	0	0	0	0	0	0	0	0	0	0	0	0	0	0	0	0
genus	Main genome;Bacteria;Bacteria (superkingdom);Proteobacteria superphylum;Proteobacteria;Gammaproteobacteria;Pseudomonadales;Halieaceae;Halioglobus	Halioglobus	0	0	0	0	0	0	0	0	0	0	0	0	0	0	0	0	0	0	0	0	0	0	0	0	0	0	0	0	0	0	0	0	0	0	0	0	0	0	0	0	0	0	0	0	0	0	0	0	0	0	0	0	0	0	0	0	0	0	0	0	0	0	0	0	0	0	0	0	0	0	0	0	0	0	0	0	0	0	0	0	0	0	0	0	0	0	0	0	0	0	0	0	0	0	0	0	0	0	0	0	0	0	0	0	0	0	0	0	0	0	0	0	0	0	0	0	0	0	0	0	0	0	0	0	0	0	0	0	0	0	0	0	0	0	0	0	0	0	0	0	0	0	0	0	0	0	0	0	0
genus	Main genome;Bacteria;Bacteria (superkingdom);Proteobacteria superphylum;Proteobacteria;Gammaproteobacteria;Pseudomonadales;Halieaceae;Parahaliea	Parahaliea	0	0	0	0	0	0	0	0	0	0	0	0	0	0	0	0	0	0	0	0	0	0	0	0	0	0	0	0	0	0	0	0	0	0	0	0	0	0	0	0	0	0	0	0	0	0	0	0	0	0	0	0	0	0	0	0	0	0	0	0	0	0	0	0	0	0	0	0	0	0	0	0	0	0	0	0	0	0	0	1	5	2	0	0	0	0	0	0	0	0	0	0	0	25	36	22	0	105	218	0	10	39	6	0	0	0	0	0	0	0	0	0	0	0	0	0	0	0	0	62	96	32	12	137	93	0	0	0	0	0	0	0	0	0	0	0	0	2	72	0	0	0	0	0	0	0	71	53	111
genus	Main genome;Bacteria;Bacteria (superkingdom);Proteobacteria superphylum;Proteobacteria;Gammaproteobacteria;Pseudomonadales;Oceanospirillales;Litoricolaceae	Litoricolaceae	0	0	0	0	0	0	0	0	0	0	0	0	0	0	0	0	0	0	0	0	0	0	0	0	0	0	0	0	0	0	0	0	0	0	0	0	0	0	0	0	0	0	0	0	0	0	0	0	0	0	0	0	0	0	0	0	0	0	0	0	0	0	0	0	0	0	0	0	0	0	0	0	0	0	0	0	0	0	0	0	0	0	0	0	0	0	0	0	0	0	0	0	0	0	0	0	0	0	0	0	0	0	0	0	0	0	0	0	0	0	0	0	0	0	0	0	0	0	0	0	0	0	0	0	0	0	0	0	0	0	0	0	0	0	0	0	0	0	0	0	0	0	0	0	0	0	0	0	0
genus	Main genome;Bacteria;Bacteria (superkingdom);Proteobacteria superphylum;Proteobacteria;Gammaproteobacteria;Burkholderiales;Comamonadaceae;Comamonas	Comamonas	0	0	0	0	0	0	0	0	0	0	0	0	0	0	0	0	5	66	40	56	9	20	0	0	0	0	0	0	0	0	0	0	0	0	1	0	0	0	0	0	0	0	0	0	0	0	0	0	0	0	0	0	0	0	0	0	0	0	0	0	0	0	0	0	0	0	0	0	0	0	0	0	0	0	0	0	0	0	0	0	0	0	0	0	0	0	0	0	0	0	0	0	0	0	0	0	0	0	0	0	0	0	0	0	0	0	0	0	0	0	0	0	0	0	0	0	0	0	0	0	0	0	0	0	0	0	0	0	0	0	0	0	0	0	0	0	0	0	0	0	0	0	0	0	0	0	0	0	0
genus	Main genome;Bacteria;Bacteria (superkingdom);Proteobacteria superphylum;Proteobacteria;Gammaproteobacteria;Burkholderiales;Comamonadaceae;Tepidimonas	Tepidimonas	0	0	0	0	0	0	0	0	0	0	0	0	0	0	54	0	0	0	0	0	0	0	0	0	0	0	0	0	0	0	0	0	0	0	0	0	0	0	0	1	0	0	0	0	0	0	0	0	0	0	0	0	0	0	0	0	0	0	0	0	0	0	0	0	9	0	0	0	0	0	0	0	0	0	0	0	0	0	0	0	0	0	0	0	0	0	0	0	0	0	0	0	0	0	0	0	0	0	0	0	0	0	0	0	0	0	0	0	0	0	0	12	0	0	0	0	0	0	0	0	0	0	0	0	0	0	0	0	0	0	0	0	0	0	0	0	0	0	0	0	0	0	0	21	0	0	0	0	0
genus	Main genome;Bacteria;Bacteria (superkingdom);Proteobacteria superphylum;Proteobacteria;Gammaproteobacteria;Burkholderiales;Comamonadaceae;Aquabacterium	Aquabacterium	0	0	0	0	0	0	0	0	0	0	0	0	0	0	0	0	9	0	0	0	0	0	0	0	0	0	0	0	0	0	0	0	0	0	0	0	0	0	0	0	0	0	0	0	0	0	0	0	0	0	0	0	0	0	0	0	0	0	0	0	0	0	0	0	0	0	0	0	0	0	0	0	0	0	0	0	0	0	0	0	0	0	0	0	0	0	0	0	0	0	0	0	0	0	0	0	0	0	0	0	0	0	0	0	0	0	0	0	0	0	0	0	0	0	0	0	4	0	0	0	0	0	0	0	0	0	0	0	108	0	0	0	0	0	0	0	0	0	0	0	0	0	0	0	0	0	0	0	0
genus	Main genome;Bacteria;Bacteria (superkingdom);Proteobacteria superphylum;Proteobacteria;Gammaproteobacteria;Burkholderiales;Comamonadaceae;RS62 marine group	RS62 marine group	0	0	0	0	0	0	0	0	0	0	0	0	0	0	0	0	0	0	0	0	0	0	0	0	0	0	0	0	0	0	0	0	0	0	0	0	0	0	0	0	0	0	0	0	0	0	0	0	0	0	0	1	0	0	0	0	0	0	0	0	0	8	0	0	0	0	0	0	0	0	0	0	0	0	0	0	0	0	0	0	0	0	0	0	0	0	0	0	0	0	0	0	0	0	0	0	0	0	0	0	0	0	0	0	0	0	0	0	0	0	0	0	0	0	0	0	0	0	0	0	0	0	0	0	0	0	0	0	0	0	0	0	0	0	0	0	0	0	0	0	0	0	0	0	0	0	0	0	0
genus	Main genome;Bacteria;Bacteria (superkingdom);Proteobacteria superphylum;Proteobacteria;Gammaproteobacteria;Burkholderiales;Burkholderiaceae;Burkholderia-Caballeronia-Paraburkholderia	Burkholderia-Caballeronia-Paraburkholderia	1	0	0	0	0	0	0	0	0	1	10	0	0	0	0	0	0	0	0	0	0	0	0	0	0	0	0	0	0	0	0	0	0	0	0	0	1	0	0	0	0	0	0	0	0	0	0	0	0	0	0	0	0	0	0	0	0	0	15	0	0	0	0	0	0	0	0	0	0	0	0	0	0	0	0	0	0	0	0	0	0	0	0	0	0	0	0	0	0	0	0	0	0	0	0	0	0	0	0	0	0	0	0	0	10	0	0	0	0	0	0	0	0	0	0	0	0	0	0	0	0	0	0	0	0	0	27	0	0	0	0	0	0	11	0	3	2	0	0	0	0	0	0	0	0	0	0	0	0
genus	Main genome;Bacteria;Bacteria (superkingdom);Proteobacteria superphylum;Proteobacteria;Gammaproteobacteria;Burkholderiales;Burkholderiaceae;Ralstonia	Ralstonia	1	12	4	0	1	0	0	0	0	0	0	0	0	0	0	0	0	0	0	0	0	0	0	0	0	0	0	0	0	0	0	0	0	0	0	0	0	0	0	0	0	0	0	0	14	0	18	0	0	0	0	1122	9	0	0	7	0	0	0	0	1	204	0	0	0	64	62	0	0	0	0	0	0	0	4	0	0	0	0	0	0	0	0	0	0	0	0	0	0	202	2	0	0	0	0	0	0	17	18	0	0	0	0	0	0	0	0	0	0	0	0	0	0	0	0	0	0	0	0	0	0	0	0	0	0	0	0	0	0	0	0	0	0	0	0	0	0	0	0	0	0	0	0	0	412	0	0	0	7
genus	Main genome;Bacteria;Bacteria (superkingdom);Proteobacteria superphylum;Proteobacteria;Gammaproteobacteria;Burkholderiales;Nitrosomonadaceae;Ellin6067	Ellin6067	0	0	0	0	0	0	0	0	0	0	0	0	0	0	0	0	0	0	0	0	0	0	0	0	0	0	0	0	0	0	0	0	0	0	0	0	0	0	0	0	0	0	0	0	0	0	0	0	0	0	0	0	0	0	0	0	0	0	0	0	27	0	0	0	0	0	0	0	0	0	0	0	0	0	0	0	0	0	0	0	0	0	0	0	0	0	0	0	0	0	0	0	0	0	0	0	0	0	0	0	0	0	0	0	0	0	0	0	0	0	0	0	0	0	0	0	0	0	0	0	0	0	0	0	0	0	0	0	0	0	0	0	0	0	0	0	0	0	0	0	0	0	0	0	0	0	0	0	0
genus	Main genome;Bacteria;Bacteria (superkingdom);Proteobacteria superphylum;Proteobacteria;Gammaproteobacteria;Burkholderiales;Nitrosomonadaceae;IS-44	IS-44	0	0	0	0	0	0	0	0	0	0	0	0	0	0	205	200	94	128	95	41	232	61	0	0	14	22	0	80	35	91	5	11	18	9	4	18	0	0	0	0	0	389	350	364	1	1	0	0	0	0	0	0	0	0	0	0	0	0	0	0	0	0	0	0	0	0	0	0	0	0	1	0	0	0	0	0	0	0	0	0	0	0	0	0	0	0	0	0	0	0	0	0	0	0	0	0	0	0	0	0	0	0	0	0	0	0	0	0	0	0	0	0	0	0	0	0	0	0	0	0	0	0	0	0	0	0	0	0	31	0	0	0	0	0	0	0	0	0	0	0	0	0	0	0	0	0	0	0	0
genus	Main genome;Bacteria;Bacteria (superkingdom);Proteobacteria superphylum;Proteobacteria;Gammaproteobacteria;Burkholderiales;Nitrosomonadaceae;mle1-7	mle1-7	394	661	873	805	632	739	606	0	0	0	0	8	1	0	0	0	7	0	3	0	4	0	0	0	0	0	0	0	1	0	0	0	0	0	6	0	0	0	0	0	0	0	0	0	0	0	0	0	0	0	0	0	0	25	0	0	0	0	0	0	0	0	42	0	0	0	0	548	555	257	448	506	104	0	0	10	0	149	185	88	73	30	101	0	0	0	0	0	0	473	1287	134	0	440	434	0	7	260	288	6	18	0	25	0	0	1	0	0	0	6	0	0	0	0	0	1	4	8	0	7	100	649	264	394	431	0	265	114	0	174	0	0	389	140	0	0	38	33	0	0	9	0	10	0	924	459	769	2	205
genus	Main genome;Bacteria;Bacteria (superkingdom);Proteobacteria superphylum;Proteobacteria;Gammaproteobacteria;Burkholderiales;Methylophilaceae;Methylotenera	Methylotenera	0	0	0	0	0	0	0	0	0	0	0	0	0	0	0	0	0	0	0	0	0	0	0	0	0	0	0	0	0	0	0	0	0	1	0	0	0	0	0	0	0	0	0	0	0	0	0	0	3	0	0	3	4	0	0	109	1	0	0	0	0	1	0	0	0	0	0	0	0	0	0	0	0	0	0	0	0	0	0	0	0	0	0	0	0	0	0	0	0	0	0	0	0	0	0	0	0	0	0	0	0	0	0	0	0	0	0	0	0	0	0	0	0	0	0	0	0	0	0	0	0	0	0	0	0	0	0	0	0	0	0	0	0	0	0	0	0	0	0	0	0	0	0	0	0	0	0	0	0
genus	Main genome;Bacteria;Bacteria (superkingdom);Proteobacteria superphylum;Proteobacteria;Gammaproteobacteria;Burkholderiales;Methylophilaceae;OM43 clade	OM43 clade	6	0	0	0	13	0	0	0	0	0	0	0	0	0	82	299	327	406	181	31	684	154	298	213	24	62	518	717	733	856	702	512	279	507	438	1092	664	1358	402	331	902	643	841	407	1418	1128	1427	595	1988	2077	4052	1872	2668	2685	507	713	1025	348	346	433	1011	367	11	116	28	67	688	0	0	0	2	0	0	0	0	0	0	48	203	124	56	86	71	281	109	75	113	137	77	0	0	0	0	0	0	0	0	0	0	0	0	0	0	0	0	0	0	0	0	0	0	0	0	0	0	0	0	0	0	417	462	624	232	423	254	211	0	214	273	0	14	511	554	302	1025	1593	598	0	0	0	0	0	0	0	0	0	0	0	0
genus	Main genome;Bacteria;Bacteria (superkingdom);Proteobacteria superphylum;Proteobacteria;Gammaproteobacteria;Burkholderiales;Alcaligenaceae;Alcaligenes	Alcaligenes	0	0	0	0	0	0	0	0	0	0	0	0	0	0	0	0	0	0	0	0	0	0	0	0	0	0	0	0	0	0	0	0	0	0	0	0	0	0	0	0	0	0	0	0	0	0	0	0	0	0	0	0	0	0	0	0	0	0	0	2	0	0	0	0	0	0	0	0	0	0	0	0	0	0	0	0	0	0	0	0	0	0	0	0	0	0	0	0	29	0	0	0	0	0	0	0	0	0	0	0	0	0	0	0	0	0	0	0	0	0	0	0	0	0	0	0	0	0	0	0	0	0	0	0	0	0	0	0	0	0	0	0	0	0	0	0	0	0	0	0	0	0	0	0	0	0	0	0	0
genus	Main genome;Bacteria;Bacteria (superkingdom);Proteobacteria superphylum;Proteobacteria;Gammaproteobacteria;Burkholderiales;Neisseriaceae;Neisseria	Neisseria	0	0	0	0	0	0	0	0	7	0	0	0	0	0	0	0	0	0	0	0	0	0	0	0	0	0	0	0	0	0	0	0	0	0	0	0	0	0	0	0	0	0	0	0	0	0	0	0	0	0	0	0	0	0	0	0	0	1	0	0	14	0	0	0	0	0	0	0	0	0	0	0	0	0	0	0	0	0	0	0	0	0	0	0	0	0	0	0	0	0	0	0	0	0	0	0	0	0	0	0	0	0	0	0	0	0	0	0	0	0	0	0	0	0	0	0	0	0	0	0	0	0	0	0	0	0	0	0	0	0	0	0	0	0	0	0	0	0	0	0	0	0	0	0	0	0	0	0	0
genus	Main genome;Bacteria;Bacteria (superkingdom);Proteobacteria superphylum;Proteobacteria;Gammaproteobacteria;Burkholderiales;Oxalobacteraceae;Massilia	Massilia	0	0	0	0	0	0	0	0	0	0	0	0	0	0	472	0	60	73	9	146	0	0	0	0	1	42	0	0	0	0	0	0	0	0	1	0	0	0	0	0	0	0	0	0	0	0	0	0	0	0	0	0	0	0	0	0	0	0	0	0	0	0	0	0	0	0	0	0	0	0	0	0	0	0	0	0	0	0	0	0	0	0	0	0	0	0	0	0	0	0	0	0	0	0	0	0	0	0	0	0	0	0	0	0	0	0	0	0	0	0	0	0	0	0	0	0	0	0	0	0	0	0	0	0	0	0	0	0	0	0	0	0	0	0	0	0	0	0	0	0	0	0	0	0	0	0	0	0	0
genus	Main genome;Bacteria;Bacteria (superkingdom);Proteobacteria superphylum;Proteobacteria;Gammaproteobacteria;Burkholderiales;Gallionellaceae;Sideroxydans	Sideroxydans	0	0	0	0	0	0	0	0	0	0	0	0	0	0	0	0	0	0	0	0	0	0	0	0	0	0	0	0	0	0	0	0	0	0	0	0	0	0	0	0	0	0	0	0	0	0	0	0	0	0	0	0	0	0	0	0	0	0	0	0	0	0	0	0	0	0	22	0	0	0	0	0	0	0	0	0	0	0	0	0	0	0	0	0	0	0	0	0	0	0	0	0	0	0	0	0	0	0	0	0	0	0	0	0	0	0	0	0	0	0	0	0	0	0	0	0	0	0	0	0	0	0	0	0	0	0	0	0	0	0	0	0	0	0	0	0	0	0	0	0	0	0	0	0	0	0	0	0	0
genus	Main genome;Bacteria;Bacteria (superkingdom);Proteobacteria superphylum;Proteobacteria;Gammaproteobacteria;Xanthomonadales;Xanthomonadaceae;Stenotrophomonas	Stenotrophomonas	0	0	0	0	0	0	0	0	0	0	0	0	0	0	0	0	0	0	0	0	0	0	129	0	56	0	8	0	0	0	0	0	0	0	0	0	131	0	0	0	0	0	7	0	36	0	5	0	0	0	0	0	0	0	0	0	0	0	47	0	0	1	0	0	0	0	0	3	0	0	0	0	0	0	11	0	0	0	0	0	0	0	0	0	0	0	0	17	0	0	0	0	0	0	0	0	0	0	1	0	0	0	0	0	0	0	0	0	0	0	0	0	0	0	0	0	0	5	12	10	0	0	0	0	0	0	9	0	2	0	0	0	0	10	0	0	12	0	0	0	0	0	0	0	0	0	0	0	0
genus	Main genome;Bacteria;Bacteria (superkingdom);Proteobacteria superphylum;Proteobacteria;Gammaproteobacteria;Xanthomonadales;Xanthomonadaceae;Pseudoxanthomonas	Pseudoxanthomonas	0	0	0	0	0	0	0	0	0	0	0	0	0	0	0	0	0	0	0	0	0	0	0	0	0	0	0	0	0	0	0	0	0	0	0	0	0	0	0	0	0	0	0	0	0	0	0	0	0	0	0	0	0	0	0	0	0	0	0	0	0	0	0	17	0	0	0	0	0	0	0	0	0	0	0	0	0	0	0	0	0	0	0	0	0	0	0	0	0	0	0	0	0	0	0	0	0	0	0	0	0	0	0	0	0	0	0	0	0	0	0	0	0	0	0	0	0	0	0	0	0	0	0	0	0	0	0	0	0	0	0	0	0	0	0	0	0	0	0	0	0	0	0	0	0	0	0	0	0
genus	Main genome;Bacteria;Bacteria (superkingdom);Proteobacteria superphylum;Proteobacteria;Gammaproteobacteria;Coxiellales;Coxiellaceae;Coxiella	Coxiella	92	106	152	137	113	325	213	0	22	6	8	0	0	0	1	26	159	142	63	138	10	166	50	23	0	27	51	144	49	105	84	218	149	203	256	104	17	141	10	2	129	36	152	28	43	18	57	0	0	0	0	0	0	0	0	0	0	0	0	0	0	3	30	0	0	0	0	254	93	260	91	361	68	0	4	11	1	73	124	108	59	39	65	33	78	16	11	8	39	119	232	69	0	267	66	0	6	57	41	0	8	8	6	9	2	16	14	38	9	14	42	55	1	141	43	141	74	194	36	38	49	138	88	201	152	208	17	252	104	293	235	280	8	425	181	209	139	0	14	23	51	126	38	251	220	215	402	2	34
genus	Main genome;Bacteria;Bacteria (superkingdom);Proteobacteria superphylum;Proteobacteria;Gammaproteobacteria;Halothiobacillales;Thioalkalibacteraceae;Guyparkeria	Guyparkeria	0	5	0	0	0	0	0	0	0	0	0	0	0	0	0	58	12	36	1	1	50	37	0	0	0	0	0	0	0	0	0	0	0	0	0	0	0	0	0	0	0	0	0	0	0	0	0	0	0	0	0	0	0	0	0	0	0	0	0	0	0	0	0	0	0	0	0	0	0	0	0	0	0	0	0	0	0	0	0	0	0	0	0	0	0	0	0	0	0	0	0	0	0	0	0	0	0	0	0	0	0	0	0	0	0	0	0	0	0	0	0	0	0	0	0	0	0	0	0	0	0	0	0	0	0	0	0	0	0	0	0	0	0	0	0	0	0	0	0	0	0	0	0	0	0	0	0	0	0
genus	Main genome;Bacteria;Bacteria (superkingdom);Proteobacteria superphylum;Proteobacteria;Gammaproteobacteria;Salinisphaerales;Solimonadaceae;Nevskia	Nevskia	0	0	0	0	0	0	0	0	0	0	0	0	0	0	0	0	0	0	0	0	0	0	0	0	0	0	0	0	0	0	0	0	0	0	0	0	0	0	0	0	0	0	0	0	0	0	0	0	0	0	0	0	0	0	0	0	0	0	0	0	0	0	0	0	0	0	0	0	0	0	0	0	0	0	0	0	0	0	0	0	0	0	0	0	0	0	0	0	0	0	0	0	0	0	0	0	0	0	0	0	0	0	0	0	0	0	0	0	0	0	0	0	0	0	0	0	0	256	43	8	3	0	0	45	0	20	0	25	0	1	30	0	0	2	171	0	0	0	0	0	0	0	0	0	0	0	0	0	0
genus	Main genome;Bacteria;Bacteria (superkingdom);Proteobacteria superphylum;Proteobacteria;Gammaproteobacteria;Salinisphaerales;Solimonadaceae;Polycyclovorans	Polycyclovorans	0	0	0	0	0	0	0	0	0	0	0	0	0	0	0	0	0	0	0	0	0	0	0	0	0	0	0	0	0	0	0	0	0	0	0	0	0	0	0	0	0	0	0	0	0	0	0	0	0	0	0	0	0	0	0	0	0	0	0	0	0	0	0	0	0	0	0	0	0	0	0	0	0	0	0	0	0	0	0	0	0	0	0	0	0	0	0	0	0	0	0	0	0	0	0	0	0	0	0	0	0	0	0	0	0	0	0	0	0	0	0	0	0	5	0	400	0	0	0	42	16	1	0	0	0	19	0	420	28	0	0	0	0	2	0	0	0	0	0	0	0	0	0	0	0	0	0	0	0
genus	Main genome;Bacteria;Bacteria (superkingdom);Proteobacteria superphylum;Proteobacteria;Gammaproteobacteria;Salinisphaerales;Salinisphaeraceae;Salinisphaera	Salinisphaera	0	0	0	0	0	0	0	0	0	0	0	0	0	0	0	0	0	0	0	0	0	1	0	43	0	0	0	1	0	236	1	11	275	19	460	0	0	0	0	0	0	0	0	0	0	0	0	0	0	0	0	0	0	0	0	0	0	0	0	0	0	0	5	0	0	0	0	0	0	0	0	0	0	0	0	0	0	7	3	76	0	31	44	0	0	8	0	0	0	0	0	0	0	0	0	0	0	0	0	0	0	41	0	0	0	0	0	0	0	0	0	0	0	452	0	710	70	1013	381	105	69	260	3	0	0	353	0	434	15	205	738	1	166	135	0	0	14	0	42	0	0	0	0	0	0	0	0	0	0
genus	Main genome;Bacteria;Bacteria (superkingdom);Proteobacteria superphylum;Proteobacteria;Gammaproteobacteria;Ectothiorhodospirales;Ectothiorhodospiraceae;Ectothiorhodospira	Ectothiorhodospira	0	0	0	0	0	0	0	0	0	0	0	0	0	0	0	0	3	0	52	7	16	39	0	0	0	0	0	0	0	0	0	0	0	0	0	0	0	0	0	0	0	0	0	0	0	0	0	0	0	0	0	0	0	0	0	0	0	0	0	0	0	0	0	0	0	0	0	0	0	0	0	0	0	0	0	0	0	0	0	0	0	0	0	0	0	0	0	0	0	0	0	0	0	0	0	0	0	0	0	0	0	0	0	0	0	0	0	0	0	0	0	0	0	0	0	0	0	0	0	0	0	0	0	0	0	0	0	0	0	0	0	0	0	0	0	0	0	0	0	0	0	0	0	0	0	0	0	0	0
genus	Main genome;Bacteria;Bacteria (superkingdom);Proteobacteria superphylum;Proteobacteria;Gammaproteobacteria;Francisellales;Francisellaceae;Francisella	Francisella	0	0	0	0	0	0	0	0	0	0	0	0	0	0	0	0	4	0	0	0	0	0	0	0	0	0	0	0	0	2	2	25	0	9	6	0	0	0	0	0	0	213	159	114	0	0	0	0	0	0	0	0	0	0	0	0	0	0	0	0	0	0	0	0	0	0	0	0	0	0	0	0	0	0	0	0	0	0	0	0	0	0	0	0	0	0	0	0	0	0	0	0	0	0	0	0	0	0	0	0	0	0	0	0	0	0	0	0	0	0	0	0	0	0	0	0	0	0	0	0	0	0	0	0	0	0	0	0	0	0	0	0	0	0	0	0	0	0	0	0	0	0	0	0	0	0	0	0	0
genus	Main genome;Bacteria;Bacteria (superkingdom);Proteobacteria superphylum;Proteobacteria;Gammaproteobacteria;Francisellales;Francisellaceae;[Caedibacter] taeniospiralis group	[Caedibacter] taeniospiralis group	0	0	0	0	0	0	0	0	0	0	0	0	0	0	15	310	64	14	18	2	1	0	0	0	0	0	0	43	18	17	1	0	31	0	42	0	0	13	10	0	0	0	13	0	0	0	0	0	0	0	0	0	0	0	0	0	0	0	0	0	0	0	0	0	0	0	0	8	0	0	0	0	0	0	0	0	0	0	0	0	0	0	0	0	0	0	0	0	0	0	0	0	0	0	0	0	0	0	0	0	0	0	0	0	0	1	2	0	0	0	22	0	0	3	0	0	0	0	0	0	2	0	0	0	0	0	0	0	68	0	0	0	0	0	0	0	78	0	0	0	3	0	0	0	0	0	0	0	0
genus	Main genome;Bacteria;Bacteria (superkingdom);Proteobacteria superphylum;Proteobacteria;Gammaproteobacteria;Competibacterales;Competibacteraceae;Candidatus Competibacter	Candidatus Competibacter	0	0	0	0	0	0	0	0	0	0	0	0	0	0	0	0	0	61	0	0	0	0	0	0	0	0	0	0	0	0	0	0	0	0	0	0	0	0	0	0	0	0	0	0	0	0	0	0	0	0	0	0	0	0	0	0	0	0	0	0	0	0	0	0	0	0	0	0	0	0	0	0	0	0	0	0	0	0	0	0	0	0	0	0	0	0	0	0	0	0	0	0	0	0	0	0	0	0	0	0	0	0	0	0	0	0	0	0	0	0	0	0	0	0	0	0	0	0	0	0	0	0	0	0	0	0	0	0	0	0	0	0	0	0	0	0	0	0	0	0	0	0	0	0	0	0	0	0	0
genus	Main genome;Bacteria;Bacteria (superkingdom);Proteobacteria superphylum;Proteobacteria;Gammaproteobacteria;Thiomicrospirales;Thiomicrospiraceae;Thiomicrorhabdus	Thiomicrorhabdus	0	0	0	0	0	0	0	0	0	0	0	0	0	0	0	0	0	0	0	0	0	0	0	0	0	0	0	0	0	0	0	0	0	0	0	0	0	0	0	0	0	0	0	0	0	0	0	0	0	0	0	0	0	1	0	1	0	0	0	0	0	0	0	0	0	17	0	0	0	0	0	0	0	0	0	0	0	0	0	0	0	0	0	0	0	0	0	0	0	0	0	0	0	0	0	0	0	0	0	0	0	0	0	0	0	0	0	0	0	0	0	0	0	0	0	0	0	0	0	0	0	0	0	0	0	0	0	0	0	0	0	0	0	0	0	0	0	0	0	0	0	0	0	0	0	0	0	0	0
genus	Main genome;Bacteria;Bacteria (superkingdom);Proteobacteria superphylum;Proteobacteria;Gammaproteobacteria;Thiotrichales;Thiotrichaceae;Leucothrix	Leucothrix	0	0	0	0	0	0	0	0	0	0	0	0	0	0	0	0	0	0	0	0	0	0	0	0	0	0	0	0	0	0	0	0	0	0	0	0	0	0	0	0	0	0	0	0	0	0	0	792	0	0	0	58	17	0	0	0	0	93	9	0	0	0	0	0	0	0	0	0	0	0	0	0	0	0	0	0	0	0	0	0	0	0	0	0	0	0	0	0	0	0	0	0	0	0	0	0	0	0	0	0	0	0	0	0	0	0	0	0	0	0	0	0	0	0	0	0	0	0	0	0	0	0	0	0	0	0	0	0	0	0	0	0	0	0	0	0	0	0	0	0	0	0	0	0	0	0	0	0	0
genus	Main genome;Bacteria;Bacteria (superkingdom);Proteobacteria superphylum;Proteobacteria;Gammaproteobacteria;Thiotrichales;Thiotrichaceae;Cocleimonas	Cocleimonas	0	0	0	0	0	0	0	0	0	0	0	0	0	0	0	0	8	0	0	94	0	0	0	0	0	0	0	0	0	0	0	0	0	0	3	0	0	0	0	0	0	0	0	0	0	0	0	0	0	0	0	0	0	0	0	0	0	0	0	0	0	0	0	0	0	0	0	0	0	0	0	0	0	0	0	0	0	0	0	0	0	0	0	0	0	0	0	0	0	0	0	0	0	0	0	0	0	0	0	0	0	0	0	0	0	0	0	0	0	0	0	0	0	0	0	0	0	0	0	0	0	0	0	0	0	0	0	0	0	0	0	0	0	0	0	0	0	0	0	0	0	0	0	0	0	0	0	0	0
genus	Main genome;Bacteria;Bacteria (superkingdom);Proteobacteria superphylum;Proteobacteria;Gammaproteobacteria;Piscirickettsiales;Piscirickettsiaceae;Candidatus Endoecteinascidia	Candidatus Endoecteinascidia	0	6	4	5	2	56	10	35	54	48	0	4	10	5	0	0	34	5	50	0	0	0	11	0	0	9	8	230	90	113	116	93	6	64	93	214	132	284	119	142	93	33	61	87	10	8	27	0	0	0	0	0	0	0	0	0	0	0	0	0	0	0	0	0	0	0	0	18	28	0	0	8	17	41	0	9	0	78	149	157	125	352	169	342	120	346	257	193	164	16	2	36	16	34	94	113	17	114	62	57	65	209	127	115	78	427	374	159	163	316	360	305	133	274	243	305	491	257	116	705	238	479	296	147	204	86	9	56	152	220	243	2408	781	858	864	542	551	242	331	477	755	691	626	1379	34	101	39	510	99
genus	Main genome;Bacteria;Bacteria (superkingdom);Proteobacteria superphylum;Proteobacteria;Gammaproteobacteria;Nitrosococcales;Nitrosococcaceae;Cm1-21	Cm1-21	2	31	33	33	66	41	10	6	0	0	0	0	0	0	0	0	0	0	0	0	3	0	0	0	0	0	0	0	0	0	0	0	0	0	0	0	0	0	0	0	0	0	0	0	0	0	0	0	0	0	0	0	0	0	0	0	0	0	0	0	0	0	14	158	0	0	0	34	120	35	9	19	0	0	0	0	0	2	44	15	0	6	11	0	0	0	0	0	0	24	126	0	0	20	13	0	0	134	450	0	4	42	63	0	0	14	8	0	0	11	38	0	0	0	0	0	0	0	0	0	109	45	25	39	57	0	0	0	0	0	0	0	0	0	0	0	0	0	83	0	23	0	38	0	38	0	57	0	96
genus	Main genome;Bacteria;Bacteria (superkingdom);Proteobacteria superphylum;Proteobacteria;Gammaproteobacteria;Nitrosococcales;Nitrosococcaceae;MSB-1D1	MSB-1D1	0	0	0	0	0	0	0	0	0	0	0	0	0	0	0	0	0	0	0	0	0	0	0	0	0	0	0	0	0	0	0	0	0	0	0	0	0	0	0	0	0	0	0	0	0	0	0	0	0	0	0	0	0	0	0	0	0	0	0	0	0	0	0	0	0	0	0	0	0	0	0	0	0	0	0	0	0	0	0	0	7	0	0	0	0	0	0	0	0	0	0	0	0	0	0	0	0	2	10	0	0	597	209	16	21	31	14	0	0	93	35	0	0	74	97	57	124	38	102	142	21	83	0	0	5	0	0	0	0	0	0	68	0	0	0	0	0	0	949	79	34	0	168	0	0	0	0	0	4
genus	Main genome;Bacteria;Bacteria (superkingdom);Proteobacteria superphylum;Proteobacteria;Gammaproteobacteria;Nitrosococcales;Nitrosococcaceae;FS142-36B-02	FS142-36B-02	0	0	0	0	0	0	0	0	0	0	0	0	0	0	0	0	0	0	0	0	0	0	0	0	0	0	0	0	0	0	0	0	0	0	0	0	0	0	0	0	0	0	0	0	0	0	0	0	0	0	0	0	0	0	0	0	0	0	0	0	0	0	0	0	0	0	0	0	0	0	0	0	0	0	0	0	0	0	0	0	0	0	0	0	0	0	0	0	0	0	0	0	0	0	0	0	0	0	9	0	0	498	272	75	52	0	0	0	0	23	0	0	0	0	0	0	0	0	0	6	0	0	0	0	0	0	0	0	0	0	0	0	0	0	0	0	0	0	786	235	0	0	43	0	0	0	0	0	0
genus	Main genome;Bacteria;Bacteria (superkingdom);Proteobacteria superphylum;Proteobacteria;Gammaproteobacteria;Steroidobacterales;Woeseiaceae;Woeseia	Woeseia	0	0	0	0	0	0	0	0	0	0	2	0	0	0	0	0	2	0	5	106	138	1	0	0	0	0	0	32	24	14	32	19	43	0	6	57	26	24	0	1	0	192	490	229	24	71	148	0	1	0	16	17	1	25	0	0	0	10	0	0	0	0	81	0	3	0	3	17	6	1	2	7	1	0	0	12	2	1026	998	624	588	559	1141	652	564	879	669	751	709	0	0	28	0	181	303	385	235	581	684	472	452	1282	397	272	395	1363	823	117	48	331	379	55	1	702	501	371	706	225	898	1252	2514	2271	1783	1796	1994	3	108	0	0	356	315	2178	6401	2650	1603	3545	1015	1588	2239	955	2255	445	576	202	0	149	323	1488	411
genus	Main genome;Bacteria;Bacteria (superkingdom);Proteobacteria superphylum;Proteobacteria;Gammaproteobacteria;Arenicellales;Arenicellaceae;Arenicella	Arenicella	0	0	0	0	0	0	0	0	0	0	0	0	0	0	0	0	0	5	0	0	0	0	0	0	0	0	0	0	0	0	0	0	0	0	0	0	0	0	0	0	0	0	0	0	0	0	0	230	0	0	3	20	0	0	4	0	0	22	0	0	33	0	0	0	0	0	0	0	0	0	0	0	0	0	0	0	0	1	0	0	0	0	0	0	0	0	0	0	0	0	0	0	0	0	0	0	0	0	0	0	0	0	0	0	0	0	0	0	0	0	0	0	0	18	0	0	0	73	111	4	0	0	0	0	8	0	0	0	0	0	0	0	0	0	0	0	0	0	0	0	0	0	0	0	0	0	0	0	0
genus	Main genome;Bacteria;Bacteria (superkingdom);Proteobacteria superphylum;Proteobacteria;Gammaproteobacteria;Granulosicoccales;Granulosicoccaceae;Granulosicoccus	Granulosicoccus	0	0	0	0	0	0	0	0	0	0	0	0	0	0	54	0	0	0	0	97	21	0	0	0	0	0	0	0	0	0	0	0	0	0	4	0	0	0	0	0	0	0	0	0	0	0	0	63	0	0	5	1	0	0	0	0	0	0	0	0	0	3	0	0	0	0	0	0	0	0	0	0	0	0	0	0	0	0	0	0	0	0	0	0	0	0	0	0	0	0	0	0	0	0	0	0	0	0	0	0	0	0	0	0	0	0	0	0	0	0	0	0	0	0	0	0	0	0	0	0	0	0	0	0	0	0	0	0	0	0	0	0	0	0	0	0	0	0	0	0	0	0	0	0	0	0	0	0	0
genus	Main genome;Bacteria;Bacteria (superkingdom);Proteobacteria superphylum;Proteobacteria;Gammaproteobacteria;Tenderiales;Tenderiaceae;Candidatus Tenderia	Candidatus Tenderia	0	0	0	0	0	0	0	0	0	0	0	0	0	0	474	179	75	178	141	175	182	52	6	0	0	0	0	2	0	40	0	4	0	0	3	0	0	0	0	0	0	0	0	0	0	0	0	0	0	0	0	0	0	0	0	0	0	0	0	0	0	0	0	0	0	0	0	0	0	0	0	0	0	0	0	0	0	0	1	0	0	0	0	0	0	0	0	0	0	0	0	0	0	0	0	0	0	0	0	0	0	0	0	0	0	0	0	0	0	0	0	0	0	0	0	0	0	0	0	0	0	44	0	0	0	304	0	0	0	0	0	0	0	0	0	0	105	0	0	0	0	0	0	0	0	0	0	0	0
genus	Main genome;Bacteria;Bacteria (superkingdom);Proteobacteria superphylum;Proteobacteria;Alphaproteobacteria;Sphingomonadales;Sphingomonadaceae;Sphingomonas	Sphingomonas	0	0	0	0	0	0	0	0	0	0	0	0	0	0	31	0	58	255	71	51	0	27	214	158	37	80	41	0	1	0	0	0	0	0	2	1	0	0	0	0	0	173	258	1	0	69	25	0	0	0	0	0	0	0	0	0	0	0	0	0	0	0	54	64	0	0	0	0	0	0	0	0	0	0	0	0	0	0	0	0	0	0	0	0	0	0	0	0	0	0	0	0	0	0	0	0	0	0	0	0	0	0	0	0	0	0	0	0	0	0	0	27	3	3	0	0	144	0	0	0	0	0	0	1	0	0	102	0	0	0	16	639	0	0	0	0	0	0	0	0	0	0	0	121	0	0	0	0	0
genus	Main genome;Bacteria;Bacteria (superkingdom);Proteobacteria superphylum;Proteobacteria;Alphaproteobacteria;Sphingomonadales;Sphingomonadaceae;Sphingobium	Sphingobium	0	0	0	0	0	0	0	0	0	0	0	0	0	0	24	79	80	200	6	15	0	118	260	101	164	287	63	0	0	2	0	0	0	0	0	0	0	0	36	0	0	19	123	10	62	74	48	0	0	0	0	3	0	0	0	0	0	0	0	0	0	0	0	0	126	0	1	0	1	0	0	0	0	0	0	0	0	0	0	0	0	0	0	0	0	0	0	0	0	0	0	0	0	0	0	0	0	0	0	0	0	0	37	0	0	0	0	0	0	0	0	0	0	156	0	543	221	0	0	52	12	31	3	4	37	17	0	33	0	251	0	0	0	0	0	12	107	0	0	0	0	0	0	0	0	0	0	0	0
genus	Main genome;Bacteria;Bacteria (superkingdom);Proteobacteria superphylum;Proteobacteria;Alphaproteobacteria;Sphingomonadales;Sphingomonadaceae;Erythrobacter	Erythrobacter	0	0	0	0	0	0	0	0	10	0	0	0	0	0	0	0	1	27	0	0	1	36	291	43	0	4	0	0	0	0	0	0	0	0	0	0	0	0	0	0	0	0	0	0	0	0	0	0	39	11	1	0	0	0	0	53	0	0	0	0	0	0	0	0	0	0	0	0	0	0	0	0	0	0	0	0	0	66	27	55	58	43	199	8	0	2	17	8	0	0	2	0	0	0	0	31	35	0	3	0	0	0	0	0	1	0	0	0	0	0	0	11	0	5	699	2851	138	197	0	390	560	16	11	0	0	0	164	435	120	3	7	114	0	0	0	0	0	0	0	0	0	0	0	42	0	0	0	63	0
genus	Main genome;Bacteria;Bacteria (superkingdom);Proteobacteria superphylum;Proteobacteria;Alphaproteobacteria;Sphingomonadales;Sphingomonadaceae;Sphingorhabdus	Sphingorhabdus	0	0	0	0	0	0	0	0	0	0	0	0	0	0	18	0	0	15	0	1	0	1	0	0	0	0	0	0	0	0	0	0	0	2	0	0	0	0	0	0	0	11	62	0	0	0	0	0	0	0	0	20	87	7	0	0	295	0	0	0	0	0	0	0	0	0	0	0	0	0	0	0	0	0	0	0	0	0	0	0	0	0	0	0	0	0	0	0	0	0	0	0	0	0	0	0	0	0	0	0	0	0	0	0	0	0	0	0	0	0	0	0	0	0	0	0	0	0	0	0	0	0	0	0	0	0	0	0	0	0	0	0	0	0	0	0	0	0	0	0	0	0	0	0	0	0	0	0	0
genus	Main genome;Bacteria;Bacteria (superkingdom);Proteobacteria superphylum;Proteobacteria;Alphaproteobacteria;Sphingomonadales;Sphingomonadaceae;Sphingopyxis	Sphingopyxis	0	0	0	0	0	0	0	0	0	0	0	0	0	0	0	0	0	0	0	0	0	0	0	0	0	0	0	0	0	0	0	0	0	0	0	0	0	0	0	0	0	76	5	23	0	0	0	0	0	0	0	0	0	0	0	0	0	0	0	0	0	0	0	0	0	0	0	0	0	0	0	0	0	0	0	0	0	0	0	0	0	0	0	0	0	0	0	0	0	0	0	0	0	0	0	0	0	0	0	0	0	0	0	0	0	0	0	0	0	0	0	0	0	0	0	0	0	0	0	0	0	0	0	0	0	0	0	0	0	0	0	0	0	0	0	0	0	0	0	0	0	0	0	0	0	0	0	0	0
genus	Main genome;Bacteria;Bacteria (superkingdom);Proteobacteria superphylum;Proteobacteria;Alphaproteobacteria;Sphingomonadales;Sphingomonadaceae;Altererythrobacter	Altererythrobacter	0	0	0	0	0	0	0	0	0	0	0	0	0	0	0	9	29	13	0	22	1	153	0	0	0	0	0	4	0	51	0	20	72	1	25	0	0	0	0	0	0	0	4	0	0	0	0	0	0	21	122	0	0	0	13	60	0	0	0	0	0	0	0	0	0	0	0	0	0	0	0	0	0	0	0	0	0	0	0	0	0	0	0	0	0	0	0	0	0	0	0	0	0	0	0	0	0	0	0	0	0	0	0	0	0	0	0	0	0	0	0	0	0	0	0	0	0	0	0	0	0	0	0	0	0	0	0	0	0	0	0	0	0	0	0	0	0	0	0	0	0	0	0	0	0	0	0	0	0
genus	Main genome;Bacteria;Bacteria (superkingdom);Proteobacteria superphylum;Proteobacteria;Alphaproteobacteria;Sphingomonadales;Sphingomonadaceae;Croceicoccus	Croceicoccus	0	0	0	0	0	0	0	0	0	0	0	0	0	0	0	0	0	0	0	0	0	0	0	0	0	21	0	0	0	0	0	0	2	0	0	0	0	0	0	0	0	0	0	0	0	0	0	0	0	0	0	0	0	0	0	0	0	0	0	0	0	0	0	0	0	0	0	0	0	0	0	0	0	0	0	0	0	95	0	10	65	0	5	22	0	1	0	0	0	0	0	0	0	0	0	0	0	0	0	0	0	0	0	0	0	0	0	0	0	0	0	0	0	3376	44	284	4	160	69	0	0	0	0	0	0	1042	43	25	6	0	0	0	0	0	0	0	0	0	0	0	0	0	0	0	0	0	0	0	0
genus	Main genome;Bacteria;Bacteria (superkingdom);Proteobacteria superphylum;Proteobacteria;Alphaproteobacteria;Sphingomonadales;Sphingomonadaceae;Stakelama	Stakelama	0	0	0	0	0	0	0	0	0	0	0	0	29	0	4	0	9	12	0	0	0	0	57	6	7	0	0	0	0	0	0	0	0	0	0	0	0	0	0	0	0	0	0	5	7	0	9	0	0	0	0	0	0	0	0	0	0	0	0	0	0	0	0	0	0	0	0	26	0	0	2	10	0	0	0	0	0	0	0	0	4	0	32	0	0	0	8	0	0	13	0	118	636	0	0	0	5	0	0	0	0	29	59	195	430	0	43	216	437	1	5	85	144	0	0	0	0	52	0	7	0	0	35	0	0	0	0	32	0	95	2	0	0	0	0	0	0	0	37	608	0	883	0	283	21	429	0	0	0
genus	Main genome;Bacteria;Bacteria (superkingdom);Proteobacteria superphylum;Proteobacteria;Alphaproteobacteria;Rhodospirillales;Magnetospiraceae;Magnetospira	Magnetospira	0	0	0	0	0	0	0	0	0	0	0	0	0	0	0	0	0	0	0	0	0	0	0	0	0	0	0	0	0	0	0	0	0	11	0	0	0	0	0	0	0	0	0	0	0	0	0	179	412	131	194	591	314	656	460	1105	1788	50	134	3	33	15	0	72	126	247	4631	0	0	0	0	0	0	0	0	0	0	8	13	0	0	1	2	0	0	0	0	0	0	0	0	0	0	0	0	0	0	12	46	0	0	1884	1474	208	199	1355	982	0	0	319	260	0	0	6	35	37	10	283	428	779	248	2	58	45	214	193	0	202	92	0	40	0	0	72	179	0	116	0	3391	633	2274	0	564	0	0	0	0	0	28
genus	Main genome;Bacteria;Bacteria (superkingdom);Proteobacteria superphylum;Proteobacteria;Alphaproteobacteria;Rhodospirillales;Terasakiellaceae;Terasakiella	Terasakiella	0	0	0	0	1	0	0	0	0	0	0	0	0	0	42	0	7	42	9	0	2	10	1	0	12	0	0	0	0	0	0	0	0	0	0	0	0	0	0	0	0	0	0	0	0	0	0	0	0	0	0	0	0	0	0	0	0	0	0	0	0	0	0	0	0	0	0	0	0	0	0	0	0	0	0	0	0	0	0	0	0	0	0	0	0	0	0	0	0	0	0	0	0	0	0	0	0	0	0	0	0	39	6	0	0	0	0	0	0	0	0	0	0	0	0	0	0	0	0	0	0	0	0	0	0	0	0	0	0	0	0	0	0	0	0	0	0	0	94	0	0	0	0	0	0	0	0	0	0
genus	Main genome;Bacteria;Bacteria (superkingdom);Proteobacteria superphylum;Proteobacteria;Alphaproteobacteria;Rhodospirillales;Thalassospiraceae;Thalassospira	Thalassospira	11	3	17	11	19	1	21	0	0	0	0	4	0	0	52	15	65	80	121	40	161	138	0	0	0	0	0	0	0	0	0	0	0	0	1	0	0	0	0	0	0	0	0	0	0	0	0	0	0	0	0	0	0	0	0	0	0	0	0	0	0	0	0	0	0	0	0	0	0	0	2	29	0	0	0	0	0	0	27	4	0	31	0	23	0	0	448	16	0	0	0	0	154	15	3	0	3	0	0	0	0	34	63	51	17	34	3	0	3	170	298	52	3	1020	2185	11	0	0	0	0	0	0	0	394	0	1093	1205	17	0	0	0	0	0	302	0	7	6	0	55	197	48	7	315	149	0	0	25	0	0
genus	Main genome;Bacteria;Bacteria (superkingdom);Proteobacteria superphylum;Proteobacteria;Alphaproteobacteria;Rhizobiales;Xanthobacteraceae;Rhodopseudomonas	Rhodopseudomonas	0	0	0	0	0	0	0	0	0	0	0	0	0	0	0	0	0	0	0	0	0	0	0	0	0	0	0	0	0	0	0	0	0	0	0	0	0	0	0	0	0	0	0	0	0	53	0	0	0	0	0	0	0	0	0	0	0	0	0	0	0	0	0	0	0	0	0	0	0	0	0	0	0	0	0	0	0	0	0	0	0	0	0	0	0	0	0	0	0	0	0	0	0	0	0	0	0	0	0	0	0	0	0	0	0	0	0	0	0	0	0	0	0	0	0	0	0	0	0	0	0	0	0	0	0	0	0	0	0	0	0	0	0	0	0	0	0	0	0	0	0	0	0	0	0	8	0	0	0
genus	Main genome;Bacteria;Bacteria (superkingdom);Proteobacteria superphylum;Proteobacteria;Alphaproteobacteria;Rhizobiales;Rhizobiaceae;Nitratireductor	Nitratireductor	0	0	0	0	0	0	0	0	0	0	0	0	0	0	0	0	0	0	0	0	0	0	0	0	0	0	0	0	0	0	0	0	0	0	0	0	0	0	0	0	0	0	0	0	0	0	0	0	0	0	0	0	0	0	0	0	0	0	0	0	0	0	0	0	0	0	0	0	0	0	0	0	0	0	0	0	0	0	2	0	0	0	0	0	0	0	0	0	0	0	0	0	0	0	0	0	0	0	1	0	0	0	0	0	0	0	0	0	0	0	0	0	0	27	0	44	0	0	0	0	62	0	0	0	0	323	0	19	0	1	0	0	0	0	0	0	0	0	0	0	0	0	0	0	0	0	0	0	0
genus	Main genome;Bacteria;Bacteria (superkingdom);Proteobacteria superphylum;Proteobacteria;Alphaproteobacteria;Rhizobiales;Rhizobiaceae;Allorhizobium-Neorhizobium-Pararhizobium-Rhizobium	Allorhizobium-Neorhizobium-Pararhizobium-Rhizobium	0	0	0	0	0	0	0	0	0	0	0	0	0	0	0	0	0	9	0	0	0	0	9	0	0	0	77	0	0	0	0	0	0	0	0	0	0	0	0	0	0	0	0	0	0	0	0	0	0	0	0	0	0	0	0	0	0	0	0	0	30	0	0	0	0	0	0	0	0	0	0	0	0	0	0	0	0	0	0	0	0	0	0	0	0	0	0	0	0	0	0	0	0	0	0	0	0	0	0	0	0	0	0	0	0	0	0	0	0	0	0	0	0	0	0	0	0	0	0	0	0	0	0	0	0	0	0	0	0	0	0	0	0	0	0	0	0	0	0	0	0	0	0	0	0	0	0	0	0
genus	Main genome;Bacteria;Bacteria (superkingdom);Proteobacteria superphylum;Proteobacteria;Alphaproteobacteria;Rhizobiales;Rhizobiaceae;Aurantimonas	Aurantimonas	0	0	0	0	0	0	0	0	0	0	0	0	0	0	0	0	0	0	0	0	0	0	40	0	0	0	0	0	0	0	0	0	4	0	0	0	0	0	0	0	0	0	0	0	0	0	0	0	0	0	62	15	0	5	0	0	0	0	0	0	0	2	0	0	0	0	0	0	0	0	0	0	0	0	0	0	0	0	0	0	0	0	0	0	0	0	0	0	0	0	0	0	0	0	0	0	0	0	0	0	0	0	0	0	0	0	0	0	0	0	0	0	0	0	0	50	0	0	0	0	0	0	0	0	0	0	0	2	0	0	0	0	0	0	0	0	0	0	0	0	0	0	0	0	0	0	0	0	0
genus	Main genome;Bacteria;Bacteria (superkingdom);Proteobacteria superphylum;Proteobacteria;Alphaproteobacteria;Rhizobiales;Rhizobiaceae;Fulvimarina	Fulvimarina	0	0	0	0	0	0	0	0	0	0	0	0	0	0	0	0	0	0	0	0	0	0	0	0	0	0	0	0	0	0	0	0	0	0	0	0	0	0	0	0	0	0	0	0	0	0	0	0	0	0	0	0	0	0	0	0	0	0	0	0	0	0	0	0	0	0	0	0	0	0	0	0	0	0	0	0	0	0	0	0	0	0	0	0	0	0	0	0	0	0	0	0	0	0	0	0	0	0	0	0	0	0	0	0	0	0	0	0	0	0	0	0	0	0	0	0	0	0	0	0	0	0	0	0	0	0	0	0	0	0	0	0	0	0	0	0	0	0	0	0	0	0	0	0	0	0	0	0	0
genus	Main genome;Bacteria;Bacteria (superkingdom);Proteobacteria superphylum;Proteobacteria;Alphaproteobacteria;Rhizobiales;Rhizobiaceae;Hoeflea	Hoeflea	0	0	0	0	0	0	0	0	0	0	0	0	0	0	51	0	0	2	0	0	0	2	0	0	0	0	0	0	0	0	0	0	0	0	0	0	0	0	0	0	0	0	0	0	0	0	0	2	0	0	0	0	11	4	0	0	133	0	0	0	0	0	0	0	0	0	2	0	0	0	0	0	0	0	0	0	0	0	0	0	0	0	0	0	0	0	0	0	0	0	0	0	0	0	0	0	0	0	0	0	0	0	0	0	0	0	0	0	0	0	0	0	0	0	0	0	0	0	0	0	0	0	0	0	0	0	0	0	0	0	0	0	0	0	0	0	0	0	0	0	0	0	0	0	0	0	0	0	0
genus	Main genome;Bacteria;Bacteria (superkingdom);Proteobacteria superphylum;Proteobacteria;Alphaproteobacteria;Rhizobiales;Rhizobiaceae;Jiella	Jiella	0	0	0	0	0	0	0	0	0	0	0	0	0	0	0	0	0	0	0	0	0	0	0	0	0	0	0	0	0	0	0	0	0	0	0	0	0	0	0	0	0	0	0	0	0	0	0	0	0	0	0	0	0	0	0	0	0	0	0	0	0	0	0	0	0	0	0	0	0	0	0	0	0	0	0	0	0	0	0	0	0	0	0	0	0	0	0	0	0	0	0	0	0	0	0	0	0	0	0	0	0	0	0	0	0	0	0	0	0	0	0	0	0	0	0	0	0	0	0	0	0	0	0	0	0	0	0	0	0	0	0	0	0	0	0	0	0	0	0	0	0	0	0	0	0	0	0	0	0
genus	Main genome;Bacteria;Bacteria (superkingdom);Proteobacteria superphylum;Proteobacteria;Alphaproteobacteria;Rhizobiales;Beijerinckiaceae;Methylobacterium-Methylorubrum	Methylobacterium-Methylorubrum	0	0	0	0	0	0	14	0	0	0	0	0	0	0	570	149	52	553	5	39	34	38	3371	748	130	597	294	0	0	98	0	4	0	0	0	0	0	0	0	0	0	0	1	0	2	10	3	0	0	0	1	0	0	0	0	0	0	2	0	0	0	28	0	0	0	0	15	0	0	0	0	0	0	0	0	0	0	0	0	0	0	0	15	0	0	0	0	0	0	0	0	3	0	43	0	0	0	0	0	10	0	0	0	0	0	0	0	0	5	0	0	0	1	15	240	5	0	0	0	0	0	0	62	0	0	2	0	4	1	0	0	0	0	1	0	173	241	67	0	0	0	1	0	0	0	9	53	0	0
genus	Main genome;Bacteria;Bacteria (superkingdom);Proteobacteria superphylum;Proteobacteria;Alphaproteobacteria;Rhizobiales;Beijerinckiaceae;Chelatococcus	Chelatococcus	0	0	0	0	0	0	0	0	0	0	0	0	0	0	0	0	0	0	0	0	0	0	0	0	0	0	0	0	0	0	0	0	0	0	0	0	0	0	0	0	0	0	0	0	0	0	0	0	0	0	0	0	0	0	0	0	0	0	0	0	0	0	0	0	65	0	0	0	0	0	0	0	0	0	0	0	0	0	0	0	0	0	0	0	0	0	0	0	0	0	0	0	0	0	0	0	0	0	0	0	0	0	0	0	0	0	0	0	0	0	0	0	0	0	0	0	0	0	0	0	0	0	0	0	0	0	0	0	0	0	0	0	0	0	0	0	0	0	0	0	0	0	0	0	0	0	0	0	0
genus	Main genome;Bacteria;Bacteria (superkingdom);Proteobacteria superphylum;Proteobacteria;Alphaproteobacteria;Rhizobiales;Stappiaceae;Stappia	Stappia	0	0	0	0	0	0	0	0	0	0	0	0	0	9	0	0	0	0	0	0	0	0	0	0	0	0	0	0	0	0	0	0	0	0	0	0	0	0	0	0	0	0	0	0	0	0	0	0	0	0	0	0	0	0	0	0	0	0	0	0	0	0	0	0	0	0	0	0	0	0	0	0	0	0	0	0	0	0	7	0	0	0	18	0	0	0	0	0	0	0	0	0	30	0	0	0	0	0	0	0	0	0	0	69	8	0	0	0	0	27	4	0	0	166	0	18	0	0	0	0	3	0	0	0	0	25	0	0	0	0	0	0	0	0	0	0	0	0	0	213	0	0	35	2	0	0	0	0	0
genus	Main genome;Bacteria;Bacteria (superkingdom);Proteobacteria superphylum;Proteobacteria;Alphaproteobacteria;Rhizobiales;Hyphomicrobiaceae;Filomicrobium	Filomicrobium	78	74	3	11	23	10	12	0	0	0	0	0	0	0	1	0	18	62	32	110	14	29	0	0	0	0	0	99	45	177	169	109	99	199	58	0	0	0	0	0	0	0	15	0	0	0	0	0	0	0	0	2	0	0	0	0	0	0	0	0	0	0	0	0	0	0	0	3	80	0	28	36	0	0	0	0	0	0	0	0	0	0	0	0	0	0	0	0	0	9	58	0	0	0	14	0	0	0	0	0	0	0	0	0	0	1	0	0	0	0	16	0	0	0	0	0	0	0	0	0	0	6	0	1	0	0	0	0	0	0	0	0	0	0	0	0	0	0	0	0	0	0	0	0	13	0	0	0	0
genus	Main genome;Bacteria;Bacteria (superkingdom);Proteobacteria superphylum;Proteobacteria;Alphaproteobacteria;Rhizobiales;Devosiaceae;Devosia	Devosia	0	0	0	0	0	0	0	0	0	0	0	0	0	0	0	0	0	0	0	0	0	0	0	0	0	0	0	0	0	0	0	0	0	0	0	0	0	0	0	0	0	0	0	0	0	0	0	0	0	0	0	0	0	0	0	0	34	0	0	0	0	0	0	0	0	0	0	0	0	0	0	0	0	0	0	0	0	0	0	0	0	0	0	0	0	0	0	0	0	0	0	0	0	0	0	0	0	0	0	0	0	0	0	0	0	0	0	0	0	0	0	0	0	0	0	0	0	0	0	0	0	0	0	0	0	0	0	0	0	0	0	0	0	0	0	0	0	0	0	0	0	0	0	0	0	0	0	0	0
genus	Main genome;Bacteria;Bacteria (superkingdom);Proteobacteria superphylum;Proteobacteria;Alphaproteobacteria;Rhizobiales;Devosiaceae;Maritalea	Maritalea	0	0	0	0	0	0	0	0	0	0	0	0	0	0	0	0	0	0	0	0	0	0	0	0	0	0	0	0	0	0	0	0	0	0	0	0	0	0	0	0	0	0	0	0	0	0	0	0	0	0	0	0	0	0	0	0	0	0	0	0	0	0	0	0	0	0	0	0	0	0	0	0	0	0	0	0	0	0	0	0	0	0	0	0	0	0	0	0	0	0	0	0	0	0	0	0	0	0	0	0	0	0	0	0	0	0	0	0	0	0	0	0	0	0	0	0	0	0	0	0	11	0	0	0	0	0	0	0	0	0	0	0	0	0	0	234	0	0	0	0	0	0	0	0	0	0	0	0	0
genus	Main genome;Bacteria;Bacteria (superkingdom);Proteobacteria superphylum;Proteobacteria;Alphaproteobacteria;Rhizobiales;Methyloligellaceae;Methyloceanibacter	Methyloceanibacter	0	0	0	0	0	0	0	0	0	0	0	0	0	0	0	0	1	1	0	0	0	0	0	0	0	0	0	0	0	0	0	0	0	0	0	0	0	0	0	0	0	0	0	0	0	0	0	0	0	0	0	0	0	0	0	0	0	0	0	0	0	0	0	0	0	0	0	0	0	0	0	0	0	0	0	0	0	0	0	0	0	0	0	0	0	0	0	0	0	1	0	0	0	0	0	0	0	0	0	0	0	0	0	0	0	0	0	0	0	523	0	4	0	0	0	0	0	0	0	0	0	0	0	0	0	0	0	0	0	0	0	0	0	7	0	0	0	0	0	0	0	0	741	2	1	0	0	0	0
genus	Main genome;Bacteria;Bacteria (superkingdom);Proteobacteria superphylum;Proteobacteria;Alphaproteobacteria;Rickettsiales;Rickettsiaceae;Candidatus Megaira	Candidatus Megaira	0	0	0	0	0	0	0	0	0	0	0	0	0	0	0	0	0	0	0	0	0	0	0	0	0	0	0	0	0	104	0	1	25	0	19	0	0	0	0	0	0	0	0	0	0	0	0	0	0	0	0	0	0	1	0	0	53	0	0	0	0	0	0	0	0	0	0	0	0	0	0	0	0	0	0	0	0	0	0	0	0	0	0	0	0	0	0	0	0	0	0	0	0	0	0	0	0	0	0	0	0	0	0	0	0	0	0	0	0	0	0	0	0	0	0	0	0	0	147	0	0	0	0	0	0	0	0	0	0	0	0	0	0	0	0	0	0	0	0	0	0	0	0	0	0	0	0	0	0
genus	Main genome;Bacteria;Bacteria (superkingdom);Proteobacteria superphylum;Proteobacteria;Alphaproteobacteria;Rickettsiales;Fokiniaceae;MD3-55	MD3-55	13	0	0	0	0	4	16	0	0	0	0	0	0	0	0	0	0	4	0	0	0	0	0	0	0	0	0	0	0	3	0	0	0	0	49	4	0	0	0	0	0	0	0	0	0	0	0	0	139	0	0	0	0	0	0	0	0	0	0	0	0	0	1	0	0	0	0	21	1	13	0	0	0	0	0	0	0	0	0	0	1	0	0	0	0	0	0	0	0	0	2	0	0	10	0	0	0	3	0	0	0	0	0	0	0	0	0	0	0	0	9	0	0	0	0	0	0	33	0	40	4	0	0	105	37	0	0	0	0	0	0	0	0	0	0	0	0	0	0	0	0	0	0	0	0	0	19	0	0
genus	Main genome;Bacteria;Bacteria (superkingdom);Proteobacteria superphylum;Proteobacteria;Alphaproteobacteria;Caulobacterales;Hyphomonadaceae;Maricaulis	Maricaulis	0	0	6	0	5	2	0	0	0	0	0	0	0	0	0	0	0	0	0	3	0	0	0	0	0	0	0	0	0	0	0	0	0	0	0	0	80	0	0	0	0	0	0	0	0	0	0	0	0	0	0	40	0	0	0	0	0	0	0	0	0	0	0	0	217	0	0	7	1	0	0	0	0	0	0	0	0	0	0	0	0	0	0	0	0	0	0	4	0	1	0	0	0	0	0	0	0	0	0	0	0	1	51	0	3	13	25	27	26	37	0	0	0	1	4	0	2	72	9	0	0	0	0	0	0	0	0	0	0	0	0	0	0	0	0	0	0	0	0	2	22	68	54	3	5	3	0	0	0
genus	Main genome;Bacteria;Bacteria (superkingdom);Proteobacteria superphylum;Proteobacteria;Alphaproteobacteria;Caulobacterales;Hyphomonadaceae;Hyphomonas	Hyphomonas	0	3	2	12	0	9	5	0	0	0	0	0	0	0	0	0	0	0	0	0	0	0	0	0	0	0	0	0	0	0	0	0	0	0	0	0	0	0	0	0	0	0	0	0	0	0	0	0	0	0	0	0	0	0	0	0	0	0	0	0	0	0	0	0	0	0	0	0	0	0	0	0	0	0	0	0	0	0	2	0	0	4	0	0	0	0	0	0	0	0	0	0	0	0	32	0	0	0	0	0	0	0	3	0	0	0	0	0	0	0	0	0	0	0	243	283	0	0	0	0	3	0	0	0	19	0	75	0	0	0	0	0	0	0	0	0	0	0	0	0	0	0	0	0	0	0	0	0	0
genus	Main genome;Bacteria;Bacteria (superkingdom);Proteobacteria superphylum;Proteobacteria;Alphaproteobacteria;Caulobacterales;Hyphomonadaceae;Henriciella	Henriciella	0	9	0	2	0	0	5	0	0	0	0	0	0	0	0	17	5	0	0	0	0	0	0	0	0	0	0	0	0	0	0	0	0	0	0	0	0	0	0	0	0	0	0	0	0	0	0	0	0	0	0	0	0	0	0	0	0	0	0	0	0	0	0	0	0	0	0	0	0	0	0	0	0	0	0	0	0	0	0	0	19	0	31	0	0	0	0	0	0	0	0	0	0	11	0	0	0	0	0	0	0	0	0	0	0	0	0	0	0	0	15	0	0	126	0	277	60	28	0	30	43	178	12	0	0	147	0	2	5	0	0	64	0	55	0	0	0	0	0	0	0	0	1	0	0	0	11	0	0
genus	Main genome;Bacteria;Bacteria (superkingdom);Proteobacteria superphylum;Proteobacteria;Alphaproteobacteria;Caulobacterales;Hyphomonadaceae;Oceanicaulis	Oceanicaulis	6	4	0	1	14	26	0	0	0	0	0	11	0	0	0	0	0	0	0	0	0	0	0	0	0	0	0	0	0	0	0	0	0	0	0	0	0	0	0	0	0	0	0	0	0	0	0	0	0	0	0	0	0	0	0	0	0	0	0	0	0	0	0	0	0	0	0	0	0	0	0	2	0	0	0	0	0	0	0	0	5	0	0	25	7	16	44	25	0	0	0	0	42	0	0	0	0	0	0	0	0	0	0	31	0	0	0	1	0	26	8	2	0	0	5	0	6	0	0	0	1	60	0	0	0	0	0	0	0	0	0	0	0	0	0	0	0	0	0	69	2	8	44	34	0	0	0	0	0
genus	Main genome;Bacteria;Bacteria (superkingdom);Proteobacteria superphylum;Proteobacteria;Alphaproteobacteria;Caulobacterales;Hyphomonadaceae;Litorimonas	Litorimonas	0	0	0	0	0	0	0	0	0	0	0	0	0	0	0	0	0	0	0	0	0	0	0	0	0	0	0	0	0	0	0	0	0	0	84	0	0	0	0	0	0	0	0	0	0	0	0	0	0	0	0	0	0	0	0	0	0	0	0	0	0	0	0	0	0	0	0	0	0	0	0	0	0	0	0	0	0	0	0	0	0	0	0	0	0	0	0	0	0	0	0	0	0	0	0	0	0	0	0	0	0	0	0	0	0	0	0	0	0	0	0	0	0	0	0	0	0	0	0	0	0	0	0	0	0	0	0	0	0	0	0	0	0	0	0	0	0	0	0	0	0	0	0	0	0	0	0	0	0
genus	Main genome;Bacteria;Bacteria (superkingdom);Proteobacteria superphylum;Proteobacteria;Alphaproteobacteria;Caulobacterales;Caulobacteraceae;Brevundimonas	Brevundimonas	0	0	0	0	0	0	0	5	0	0	0	0	0	0	3	0	10	27	0	2	0	23	50	20	6	14	2	0	0	0	0	0	0	0	0	0	0	0	0	0	0	35	11	6	80	133	45	0	0	0	0	55	0	0	0	0	0	1	0	0	0	51	0	0	0	0	0	0	0	0	0	0	19	0	0	0	0	0	0	0	0	0	0	0	0	0	0	0	0	0	0	0	0	0	0	0	0	0	0	0	0	0	0	0	0	0	0	0	1	0	0	0	0	0	0	0	0	0	1	0	0	0	0	0	0	0	0	0	0	0	7	0	0	0	0	0	0	0	0	0	0	0	0	0	0	0	0	0	0
genus	Main genome;Bacteria;Bacteria (superkingdom);Proteobacteria superphylum;Proteobacteria;Alphaproteobacteria;Caulobacterales;Caulobacteraceae;Caulobacter	Caulobacter	0	0	0	0	0	0	0	0	0	0	0	0	0	0	0	0	0	0	0	0	0	0	0	0	0	0	0	0	0	0	0	0	0	0	0	0	0	0	0	0	0	0	7	1	0	17	33	0	0	0	0	0	0	0	0	0	0	0	0	0	0	0	0	0	0	0	0	0	0	0	0	0	0	0	0	0	0	0	0	0	0	0	0	0	0	0	0	0	0	0	0	0	0	59	0	0	0	0	0	0	0	0	0	0	0	0	0	0	0	0	0	0	0	0	0	0	0	0	0	0	0	0	0	0	0	0	0	0	0	0	0	0	0	0	0	0	0	0	0	0	0	0	0	0	0	0	79	0	0
genus	Main genome;Bacteria;Bacteria (superkingdom);Proteobacteria superphylum;Proteobacteria;Alphaproteobacteria;Caulobacterales;Parvularculaceae;Parvularcula	Parvularcula	0	0	0	0	0	0	0	0	0	0	0	0	0	0	0	35	16	46	0	36	174	98	0	0	0	0	0	0	0	0	0	0	0	0	2	0	0	0	0	0	0	0	0	0	0	0	0	0	0	0	0	0	0	0	0	0	0	0	0	0	0	0	0	0	0	0	0	0	0	0	0	0	0	0	0	0	0	0	0	0	0	0	0	0	0	0	0	0	0	0	0	0	0	0	0	0	0	0	0	0	0	0	0	0	0	0	0	0	0	0	0	0	0	0	0	0	0	0	0	0	0	0	0	0	0	0	0	0	0	0	0	0	0	0	0	0	0	0	0	0	0	0	0	0	0	0	0	0	0
genus	Main genome;Bacteria;Bacteria (superkingdom);Proteobacteria superphylum;Proteobacteria;Alphaproteobacteria;Rhodobacterales;Rhodobacteraceae;Sulfitobacter	Sulfitobacter	0	0	0	0	0	0	0	0	105	0	0	0	0	0	37	0	11	18	30	56	15	28	0	14	0	0	0	0	0	55	0	12	5	8	2	0	0	0	0	0	0	21	89	6	0	0	0	0	0	0	0	0	0	0	0	1	0	0	0	5	0	0	0	0	375	0	0	0	0	0	0	0	0	0	0	0	0	0	0	77	0	0	0	0	0	0	25	0	0	0	0	0	0	0	6	0	0	0	0	0	10	0	64	0	0	0	0	0	0	0	0	0	0	123	0	0	0	0	0	0	0	0	0	0	0	0	0	0	0	0	0	0	0	15	0	262	0	0	0	0	0	0	0	0	0	0	0	0	0
genus	Main genome;Bacteria;Bacteria (superkingdom);Proteobacteria superphylum;Proteobacteria;Alphaproteobacteria;Rhodobacterales;Rhodobacteraceae;Rhodovulum	Rhodovulum	53	128	127	137	143	19	8	2	0	0	4	0	0	3	0	0	0	0	0	0	0	0	0	0	0	0	0	0	0	0	0	0	0	0	0	0	0	0	0	0	0	0	1	0	0	0	0	0	0	0	0	0	0	0	0	0	0	0	0	0	0	0	0	0	0	0	0	0	0	35	0	10	7	1	3	0	1	0	0	0	0	0	0	0	0	0	38	1	0	0	0	0	0	2	70	0	0	503	842	0	0	719	330	18	2	118	163	0	18	134	194	0	8	0	0	0	0	0	0	0	0	0	0	0	0	0	0	0	0	0	1	0	0	0	0	0	0	0	1110	39	151	1	228	3	0	0	13	0	332
genus	Main genome;Bacteria;Bacteria (superkingdom);Proteobacteria superphylum;Proteobacteria;Alphaproteobacteria;Rhodobacterales;Rhodobacteraceae;Paracoccus	Paracoccus	0	0	0	0	0	0	0	0	0	0	0	0	0	0	4	0	15	37	62	77	27	31	4	1	0	0	0	0	0	0	0	0	0	0	7	0	0	0	0	0	0	0	5	0	0	0	0	0	0	0	0	0	0	0	0	0	0	0	0	0	0	0	0	0	0	0	0	0	0	0	0	0	0	0	0	0	0	0	0	0	0	0	0	0	0	0	0	0	0	0	0	0	0	0	0	0	0	0	0	0	0	0	0	0	0	0	0	0	0	0	0	0	0	0	0	0	0	0	0	0	0	0	0	0	0	0	0	0	0	0	0	0	0	0	0	0	0	0	0	0	0	0	0	0	0	0	0	0	0
genus	Main genome;Bacteria;Bacteria (superkingdom);Proteobacteria superphylum;Proteobacteria;Alphaproteobacteria;Rhodobacterales;Rhodobacteraceae;Ruegeria	Ruegeria	0	0	0	0	0	0	0	0	0	0	0	0	68	0	0	0	0	0	0	0	0	0	0	0	0	0	0	0	0	0	0	0	0	0	0	0	0	0	0	0	0	0	0	0	0	0	0	0	0	0	0	0	0	0	0	0	0	0	0	0	0	0	0	0	0	0	0	0	0	0	0	0	0	0	0	0	0	0	0	0	0	0	0	0	0	0	0	0	0	0	0	0	56	0	0	0	0	0	0	0	0	0	0	8	17	0	0	0	0	0	0	2	0	0	0	0	0	0	0	0	0	0	0	0	0	0	0	0	0	0	0	0	0	0	0	0	0	0	0	23	0	0	0	21	0	0	0	0	0
genus	Main genome;Bacteria;Bacteria (superkingdom);Proteobacteria superphylum;Proteobacteria;Alphaproteobacteria;Rhodobacterales;Rhodobacteraceae;Donghicola	Donghicola	755	727	1059	691	400	63	129	3	18	2	2	0	6	72	0	0	0	43	0	0	0	4	0	51	0	0	0	0	0	0	0	0	0	0	0	0	0	0	0	0	0	0	0	0	0	0	0	0	0	0	0	0	0	0	0	0	20	0	0	0	0	0	0	0	1	6	0	0	6	29	116	339	42	57	18	7	211	0	0	0	11	0	0	5	0	1	19	27	14	59	36	17	446	13	42	0	3	0	0	0	0	2923	1682	114	205	789	683	25	4	571	1416	61	9	0	0	0	172	0	0	0	0	0	0	0	110	265	0	0	0	0	0	0	0	198	32	0	128	0	5301	359	1364	80	1132	251	106	53	8	21	0
genus	Main genome;Bacteria;Bacteria (superkingdom);Proteobacteria superphylum;Proteobacteria;Alphaproteobacteria;Rhodobacterales;Rhodobacteraceae;Jannaschia	Jannaschia	0	0	0	0	0	0	0	0	0	0	0	0	0	0	0	1	55	161	4	15	8	69	0	0	0	0	0	0	0	0	0	0	1	0	8	0	0	0	0	0	0	0	0	0	0	0	0	0	0	0	0	0	0	0	0	0	0	0	0	0	0	0	0	0	0	0	0	0	0	0	0	0	0	0	0	0	0	0	0	0	0	0	0	0	0	0	0	0	0	0	0	0	0	0	0	0	0	0	0	0	0	0	0	0	0	0	0	0	0	0	0	0	0	0	0	0	0	0	0	0	0	0	0	0	0	0	0	0	0	0	0	0	0	0	0	0	0	0	0	0	0	0	0	0	0	0	0	0	0
genus	Main genome;Bacteria;Bacteria (superkingdom);Proteobacteria superphylum;Proteobacteria;Alphaproteobacteria;Rhodobacterales;Rhodobacteraceae;Yoonia-Loktanella	Yoonia-Loktanella	0	0	0	0	0	0	0	0	0	0	0	0	0	0	0	0	0	0	0	0	0	0	0	0	0	0	0	0	0	0	0	0	0	0	0	0	0	0	0	0	0	172	245	120	0	0	0	18	0	0	0	0	0	0	0	0	1	1	0	0	0	0	0	10	0	0	0	0	0	0	0	0	0	0	0	0	0	0	0	0	0	0	0	0	0	0	0	0	0	0	0	0	0	0	0	0	0	0	0	0	0	0	0	0	0	0	0	0	0	0	0	0	0	0	0	0	0	0	0	0	0	0	0	0	0	0	0	0	0	0	0	0	0	0	0	0	0	0	0	0	0	0	0	0	0	0	0	0	0
genus	Main genome;Bacteria;Bacteria (superkingdom);Proteobacteria superphylum;Proteobacteria;Alphaproteobacteria;Rhodobacterales;Rhodobacteraceae;Roseovarius	Roseovarius	0	0	0	0	0	0	0	0	0	0	0	0	0	0	0	0	5	75	0	5	0	9	0	0	0	0	0	0	0	7	4	0	1	9	71	0	0	0	0	0	0	0	0	0	0	0	0	0	0	0	0	0	0	0	0	0	0	0	0	0	0	0	0	0	0	0	0	0	0	0	0	0	0	0	0	0	0	0	0	0	0	0	0	0	0	0	0	0	0	0	0	0	0	0	0	0	0	0	0	0	0	0	0	0	0	0	0	0	0	0	0	0	0	0	0	0	0	0	0	0	0	0	0	0	0	0	0	0	0	0	0	0	0	0	0	0	0	0	0	0	0	0	0	0	0	0	0	0	0
genus	Main genome;Bacteria;Bacteria (superkingdom);Proteobacteria superphylum;Proteobacteria;Alphaproteobacteria;Rhodobacterales;Rhodobacteraceae;Palleronia-Pseudomaribius	Palleronia-Pseudomaribius	0	0	0	0	0	0	0	0	0	0	0	0	0	0	79	23	78	335	161	306	131	398	5	5	0	0	0	0	0	0	0	0	0	0	10	0	0	0	0	0	0	0	0	0	0	0	0	0	0	0	0	0	0	0	0	0	0	0	0	0	0	0	0	0	0	0	0	0	0	0	0	0	0	0	0	0	0	0	0	0	0	0	0	0	0	0	0	0	0	0	0	0	0	0	0	0	0	0	0	0	0	0	0	0	0	0	0	0	0	0	0	0	0	0	0	0	2	0	0	0	0	0	0	0	0	0	0	0	0	0	0	0	0	0	0	0	0	0	0	0	0	0	0	0	0	0	0	0	0
genus	Main genome;Bacteria;Bacteria (superkingdom);Proteobacteria superphylum;Proteobacteria;Alphaproteobacteria;Rhodobacterales;Rhodobacteraceae;Octadecabacter	Octadecabacter	0	0	0	3	0	13	0	0	0	0	0	0	0	0	0	0	22	13	1	54	22	21	0	0	0	0	0	0	0	0	0	0	0	6	7	0	0	0	0	0	0	0	0	0	0	0	0	1089	139	3763	7054	439	865	329	505	218	269	15	36	925	601	77	2	19	11	17	35	0	0	0	0	0	0	0	0	0	0	0	0	0	0	0	0	0	0	0	0	155	0	0	0	0	0	0	0	0	0	0	0	0	0	0	12	0	0	0	0	0	0	0	0	0	0	160	0	0	0	0	0	0	0	0	1	0	0	127	0	0	0	260	0	0	0	0	0	0	0	0	0	0	0	0	0	0	0	0	0	0	0
genus	Main genome;Bacteria;Bacteria (superkingdom);Proteobacteria superphylum;Proteobacteria;Alphaproteobacteria;Rhodobacterales;Rhodobacteraceae;Roseivivax	Roseivivax	0	0	0	0	0	0	0	0	0	0	0	0	0	0	0	0	3	1	58	0	0	7	0	0	0	0	0	0	0	0	0	0	0	0	0	0	0	0	0	0	0	0	0	0	0	0	0	0	0	0	0	0	0	0	0	0	0	0	0	0	0	0	0	0	0	0	0	0	0	0	0	0	0	0	0	0	0	0	0	0	0	0	0	0	0	0	0	0	0	0	0	0	0	0	0	0	0	0	0	0	0	0	0	0	0	0	0	0	0	0	0	0	0	0	0	0	0	0	0	0	0	0	0	0	0	0	0	0	0	0	0	0	0	0	0	0	0	0	0	0	0	0	0	0	0	0	0	0	0
genus	Main genome;Bacteria;Bacteria (superkingdom);Proteobacteria superphylum;Proteobacteria;Alphaproteobacteria;Rhodobacterales;Rhodobacteraceae;Pontivivens	Pontivivens	0	0	0	0	0	0	0	0	0	0	0	0	0	0	0	0	0	0	0	0	0	0	0	0	0	0	0	2	3	107	79	9	304	45	80	0	0	0	0	0	0	0	0	0	0	0	0	0	0	0	0	0	0	0	0	0	0	0	0	0	0	0	0	0	0	0	0	0	0	0	0	0	0	0	0	0	0	0	0	0	0	0	0	0	0	0	0	0	0	0	0	0	0	0	0	0	0	0	0	0	0	0	0	0	0	0	0	0	0	0	0	0	0	0	0	0	0	0	0	0	0	0	0	0	0	0	0	0	0	0	0	0	0	0	0	0	0	0	0	0	0	0	0	0	0	0	0	0	0
genus	Main genome;Bacteria;Bacteria (superkingdom);Proteobacteria superphylum;Proteobacteria;Alphaproteobacteria;Rhodobacterales;Rhodobacteraceae;Planktomarina	Planktomarina	0	0	0	0	0	0	0	0	0	0	0	0	0	0	0	0	0	0	0	0	0	0	0	0	0	0	0	0	15	0	0	0	0	4	0	0	0	0	0	0	0	0	0	0	0	0	0	528	1420	1231	362	231	71	3799	194	288	751	11	88	321	38	0	0	149	12	29	469	0	0	0	0	0	0	0	0	0	0	0	0	1	0	0	0	0	0	0	0	0	0	0	0	0	0	0	0	0	0	0	0	0	0	0	0	0	0	0	0	0	0	0	0	0	0	0	0	0	0	0	0	0	0	0	0	0	0	0	0	0	0	391	0	0	0	0	0	0	0	0	0	0	0	0	0	0	0	0	0	0	0
genus	Main genome;Bacteria;Bacteria (superkingdom);Proteobacteria superphylum;Proteobacteria;Alphaproteobacteria;Rhodobacterales;Rhodobacteraceae;Tranquillimonas	Tranquillimonas	0	0	0	0	0	0	0	0	0	0	0	0	0	0	0	0	0	0	0	0	0	0	0	0	0	0	0	0	0	0	0	0	0	0	0	0	0	0	0	0	0	0	0	0	0	0	0	0	0	0	0	0	0	0	0	0	0	0	0	0	0	0	0	0	0	0	0	0	0	0	0	0	0	0	0	0	0	0	0	0	0	0	0	0	0	0	0	0	0	0	0	0	0	0	0	0	0	0	0	0	0	0	0	0	0	0	0	0	0	0	0	0	0	0	0	0	0	0	0	0	0	0	0	0	0	0	0	0	0	0	0	0	0	0	0	0	0	0	0	0	0	0	0	0	0	0	0	0	0
genus	Main genome;Bacteria;Bacteria (superkingdom);Proteobacteria superphylum;Proteobacteria;Alphaproteobacteria;Rhodobacterales;Rhodobacteraceae;Maribius	Maribius	0	0	0	0	0	0	0	0	0	0	0	0	0	0	0	383	100	145	6	9	173	274	0	0	0	0	0	0	0	0	0	0	0	0	5	0	0	0	0	0	0	0	0	16	0	0	0	0	0	0	0	0	0	0	0	0	0	0	0	0	0	0	0	0	0	0	0	0	0	0	0	0	0	0	0	0	0	0	0	0	0	0	0	0	0	0	0	0	0	0	0	0	0	0	0	0	0	0	0	0	0	0	0	0	0	0	0	0	0	0	0	0	0	0	0	0	0	0	0	0	0	0	0	0	0	0	0	0	0	0	0	0	0	0	0	0	0	0	0	0	0	0	0	0	0	0	0	0	0
genus	Main genome;Bacteria;Bacteria (superkingdom);Proteobacteria superphylum;Proteobacteria;Alphaproteobacteria;Rhodobacterales;Rhodobacteraceae;Loktanella	Loktanella	0	0	0	0	0	0	0	0	0	0	0	0	0	0	287	563	1416	1597	690	945	860	2497	0	0	4	0	15	0	0	3	0	0	0	0	28	0	0	0	0	0	0	0	0	0	0	0	0	0	0	0	0	0	0	0	0	0	0	0	0	14	0	0	0	0	0	0	0	0	0	0	0	0	0	0	0	0	0	0	0	0	0	0	0	0	0	0	0	0	0	0	0	0	0	0	0	0	0	0	0	0	0	0	0	0	0	0	0	0	0	0	0	0	0	0	0	0	0	0	0	0	0	0	0	0	0	108	293	107	264	0	0	0	0	110	154	190	119	0	0	0	0	0	0	0	0	0	0	0	0
genus	Main genome;Bacteria;Bacteria (superkingdom);Proteobacteria superphylum;Proteobacteria;Alphaproteobacteria;Puniceispirillales;SAR116 clade;Candidatus Puniceispirillum	Candidatus Puniceispirillum	74	165	129	145	15	75	65	0	0	26	0	0	0	0	0	0	0	0	0	0	0	0	0	0	0	0	0	0	0	0	0	0	0	0	0	0	0	0	0	0	0	0	0	0	0	0	0	0	0	0	0	0	0	0	0	0	0	0	0	0	0	0	4	0	0	0	0	27	18	2	47	7	13	0	0	0	0	72	102	58	20	36	32	0	0	0	0	0	0	110	177	3	0	15	24	0	0	8	2	0	0	0	0	0	0	0	0	0	0	0	0	0	0	0	0	0	0	0	0	18	43	548	137	182	282	0	0	0	0	0	0	0	0	0	0	0	0	0	0	0	0	0	0	0	205	16	24	0	14
genus	Main genome;Bacteria;Bacteria (superkingdom);Proteobacteria superphylum;Proteobacteria;Alphaproteobacteria;Alphaproteobacteria Incertae Sedis;Acuticoccus family incertae sedis;Acuticoccus	Acuticoccus	0	0	0	0	0	0	0	0	0	0	0	0	0	0	0	0	0	0	0	0	0	4	0	0	0	0	0	0	0	0	0	0	0	0	0	0	0	0	0	0	0	0	0	0	0	0	0	0	0	0	0	0	0	0	0	0	0	0	0	0	0	0	0	0	0	0	0	0	0	0	0	0	0	0	0	0	0	47	15	34	27	2	42	0	0	0	0	0	0	0	0	0	0	0	0	0	0	0	0	0	0	0	0	0	0	0	0	0	0	0	1	0	0	3	8	1305	254	0	267	279	129	236	5	9	5	0	0	14	207	2	57	91	95	0	0	0	0	0	0	0	0	0	0	0	0	0	0	0	0
genus	Main genome;Bacteria;Bacteria (superkingdom);Proteobacteria superphylum;Proteobacteria;Alphaproteobacteria;Thalassobaculales;Oceanibaculaceae;Oceanibaculum	Oceanibaculum	0	0	0	0	0	0	0	0	0	0	0	0	0	0	0	0	0	0	0	0	0	0	0	0	0	0	0	0	0	0	0	0	0	0	0	0	0	0	0	0	0	0	0	0	0	0	0	0	0	0	0	0	0	0	0	0	0	0	0	0	0	0	0	0	0	0	0	0	0	0	0	0	0	0	0	0	0	0	0	0	0	0	0	0	0	0	0	0	0	0	8	0	0	0	0	0	0	19	17	0	0	0	0	0	0	74	103	0	0	0	0	0	0	94	0	60	0	0	0	0	0	0	0	0	0	1	0	9	0	0	0	0	0	0	0	0	0	0	0	0	122	0	0	0	0	0	0	0	7
genus	Main genome;Bacteria;Bacteria (superkingdom);Proteobacteria superphylum;Proteobacteria;Alphaproteobacteria;Thalassobaculales;Nisaeaceae;OM75 clade	OM75 clade	595	675	700	749	558	687	682	1	0	7	0	0	0	0	0	155	36	43	33	0	15	0	2	0	1	0	0	1379	1700	1404	590	606	514	736	1127	7	0	17	0	0	0	1365	1289	907	12	70	0	0	234	9	38	212	24	102	74	72	14	1	63	5	0	0	27	1	0	0	3	267	92	146	210	297	0	0	0	0	0	304	420	217	410	315	441	0	0	0	0	0	0	669	595	15	0	979	1139	0	0	1179	1123	9	39	1499	1466	219	243	24	80	0	0	0	0	0	0	0	0	27	0	0	0	1018	800	1582	971	1072	1759	58	159	37	246	160	0	0	0	0	27	0	179	41	2493	755	22	0	0	0	1116	96	1614	0	865
genus	Main genome;Bacteria;Bacteria (superkingdom);Proteobacteria superphylum;Proteobacteria;Alphaproteobacteria;Sneathiellales;Sneathiellaceae;Sneathiella	Sneathiella	0	0	0	0	0	0	0	0	0	0	0	0	0	0	0	16	1	1	0	0	14	0	0	0	0	0	0	0	0	0	0	0	0	0	0	0	0	0	0	0	0	0	0	0	0	0	0	0	0	0	0	0	0	0	0	0	0	0	0	0	0	0	0	0	0	0	0	0	0	0	0	0	0	0	0	0	0	0	0	0	0	0	0	0	0	0	0	0	0	0	0	0	0	0	0	0	0	0	0	0	0	0	0	0	0	0	0	0	0	0	0	0	0	0	0	0	0	0	0	0	0	0	0	0	0	0	0	0	305	0	0	0	0	0	0	0	0	0	0	0	0	0	0	0	0	0	0	0	0
genus	Main genome;Bacteria;Bacteria (superkingdom);Proteobacteria superphylum;Proteobacteria;Alphaproteobacteria;Tistrellales;Tistrellaceae;Tistrella	Tistrella	0	0	0	0	0	0	0	0	0	0	0	0	0	0	0	0	0	0	0	0	0	0	0	0	0	0	0	0	0	0	0	0	0	3	0	0	0	0	0	0	0	0	0	0	0	0	0	0	0	0	0	5	0	18	0	0	0	0	0	0	0	11	0	0	0	0	0	0	0	0	19	0	0	0	0	0	0	0	0	4	0	0	14	0	0	0	0	0	0	0	0	0	0	0	0	0	0	0	0	0	0	0	0	0	0	0	0	0	0	6	0	0	0	0	0	0	0	0	0	0	115	75	0	0	0	0	0	0	0	0	0	0	0	0	0	0	0	0	0	0	0	0	13	0	0	0	0	0	0
genus	Main genome;Bacteria;Bacteria (superkingdom);Proteobacteria superphylum;Proteobacteria;Alphaproteobacteria;Caedibacterales;Caedibacteraceae;Candidatus Nucleicultrix	Candidatus Nucleicultrix	0	0	0	0	0	0	0	0	0	0	0	0	0	0	0	0	0	0	0	0	0	0	0	0	0	0	0	0	0	0	0	0	0	0	0	0	0	0	0	0	0	0	0	0	0	60	0	0	0	0	0	0	0	0	0	0	0	0	0	0	0	0	0	0	0	0	0	0	0	0	0	0	0	0	0	0	0	0	0	0	0	0	0	0	0	0	0	0	0	0	0	0	0	0	0	0	0	0	0	0	0	0	0	0	0	0	0	0	0	0	0	0	0	0	0	0	0	0	0	0	0	0	0	0	0	0	0	0	0	0	0	0	0	0	0	0	0	0	0	0	0	0	0	0	0	0	0	0	0
genus	Main genome;Bacteria;Bacteria (superkingdom);Proteobacteria superphylum;Proteobacteria;Alphaproteobacteria;Defluviicoccales;Defluviicoccaceae;Defluviicoccus	Defluviicoccus	0	0	0	0	0	0	0	0	0	0	0	0	0	0	0	0	0	0	0	0	0	84	0	0	0	0	0	0	0	0	0	0	0	0	0	0	0	0	0	0	0	0	0	0	0	0	0	0	0	0	0	0	0	0	0	0	0	0	0	0	0	0	0	0	0	0	0	0	0	0	0	0	0	0	0	0	0	0	0	0	0	0	0	0	0	0	0	0	0	0	0	0	0	0	0	0	0	0	0	0	0	0	0	0	0	0	0	0	0	0	0	0	0	0	0	0	0	0	0	0	0	0	0	0	0	0	0	0	0	0	0	0	0	0	0	0	0	0	0	0	0	0	0	0	0	0	0	0	0
genus	Main genome;Bacteria;Bacteria (superkingdom);Proteobacteria superphylum;Desulfobacterota;Desulfovibrionia;Desulfovibrionales;Desulfovibrionaceae;Halodesulfovibrio	Halodesulfovibrio	0	0	0	0	0	0	0	0	0	0	0	0	0	0	0	56	10	0	0	43	0	18	0	0	0	0	0	0	0	0	0	0	0	0	0	0	0	0	0	0	0	0	0	0	0	0	0	0	0	0	0	0	0	0	0	0	0	0	0	0	0	0	0	0	0	0	0	0	0	0	0	0	0	0	0	0	0	0	0	0	0	0	0	0	0	0	0	0	0	0	0	0	0	0	0	0	0	0	0	0	0	0	0	0	0	0	0	0	0	0	0	0	0	0	0	0	0	0	0	0	0	0	0	0	0	0	0	0	0	0	0	0	0	0	0	0	230	0	0	0	0	0	0	0	0	0	0	0	0
genus	Main genome;Bacteria;Bacteria (superkingdom);Proteobacteria superphylum;Desulfobacterota;Desulfovibrionia;Desulfovibrionales;Desulfohalobiaceae;Desulfovermiculus	Desulfovermiculus	0	0	0	0	0	0	0	0	0	0	0	0	0	0	0	0	0	0	3	0	0	0	0	0	0	0	41	0	0	0	0	0	0	0	0	0	0	0	0	0	0	0	0	0	0	0	0	0	0	0	0	0	0	0	0	0	0	0	0	0	0	0	0	0	0	0	0	0	0	0	0	0	0	0	0	0	0	0	0	0	0	0	0	0	0	0	0	0	0	0	0	0	0	0	0	0	0	0	0	0	0	0	0	0	0	0	0	0	0	0	0	0	0	0	0	0	0	0	0	0	0	0	0	0	0	0	0	0	0	0	0	0	0	0	0	0	0	0	0	0	0	0	0	0	0	0	0	0	0
genus	Main genome;Bacteria;Bacteria (superkingdom);Proteobacteria superphylum;Myxococcota;Myxococcia;Myxococcales;Myxococcaceae;P3OB-42	P3OB-42	99	158	186	216	207	147	229	28	10	15	1	0	0	5	1	0	0	0	0	0	0	0	0	0	0	0	0	0	0	0	0	0	2	0	0	0	1	0	0	0	0	3	9	0	0	0	0	0	0	0	0	0	0	0	0	0	0	0	0	4	0	0	39	0	0	0	0	143	242	29	70	192	0	12	0	0	0	362	586	344	198	255	410	0	0	7	3	29	36	364	447	0	2	1047	765	3	10	1310	1158	0	19	1281	773	44	13	672	463	8	40	394	372	29	5	703	222	604	549	349	505	1550	1253	893	653	937	821	41	4	213	76	9	0	326	20	3	143	19	1	0	2101	119	1075	23	647	105	659	0	1418	2	1027
genus	Main genome;Bacteria;Bacteria (superkingdom);Proteobacteria superphylum;Myxococcota;Polyangia;Haliangiales;Haliangiaceae;Haliangium	Haliangium	0	0	0	0	0	0	0	0	0	0	0	0	0	0	0	0	0	0	0	0	0	0	0	0	0	0	0	0	0	0	0	0	0	0	0	0	0	0	0	0	0	0	0	0	0	0	0	0	0	0	0	0	0	0	0	0	0	0	0	0	0	0	0	0	0	0	0	0	0	0	0	0	0	0	0	0	0	0	0	0	0	0	0	0	0	0	0	0	0	1	0	0	0	0	0	0	0	119	79	0	0	50	66	0	0	0	0	0	0	0	0	0	0	0	0	0	0	0	0	0	0	0	0	0	0	0	0	0	0	0	0	0	0	0	0	0	0	0	75	1	0	0	0	0	8	0	0	0	65
genus	Main genome;Bacteria;Bacteria (superkingdom);Proteobacteria superphylum;Bdellovibrionota;Bdellovibrionia;Bacteriovoracales;Bacteriovoracaceae;Halobacteriovorax	Halobacteriovorax	9	0	0	0	2	0	0	0	0	14	2	0	0	0	0	0	0	0	0	0	0	0	0	0	0	0	0	0	0	0	0	0	0	0	0	0	0	0	0	0	0	0	0	0	0	0	0	0	0	0	0	0	0	0	0	0	0	0	0	0	0	0	0	0	0	0	0	0	0	0	38	0	0	0	0	56	5	0	0	0	0	16	0	0	0	0	0	7	0	0	0	0	0	0	18	3	0	2	21	0	0	47	1	0	0	32	67	0	0	0	0	2	4	0	86	0	114	0	0	0	0	0	0	0	0	0	0	0	0	0	0	0	0	0	0	0	0	1	82	0	42	12	5	1	0	0	0	13	2
genus	Main genome;Bacteria;Bacteria (superkingdom);Proteobacteria superphylum;Bdellovibrionota;Bdellovibrionia;Bacteriovoracales;Bacteriovoracaceae;Peredibacter	Peredibacter	1	22	21	30	2	0	0	106	31	55	23	0	32	2	0	2	4	20	59	4	0	0	0	4	15	35	52	0	0	0	0	0	0	0	1	1	0	59	52	0	0	0	0	0	0	0	0	0	0	0	31	6	0	0	0	0	0	0	0	0	30	61	0	0	0	0	0	0	0	0	0	0	0	0	0	0	60	0	0	0	0	0	0	0	0	0	0	0	0	17	1	0	1	42	6	0	4	7	19	10	1	4	13	9	23	0	0	0	0	40	3	24	57	22	0	0	0	3	3	0	0	0	3	0	0	0	0	0	0	0	0	1	0	0	0	0	0	58	11	42	0	0	51	109	31	0	52	8	1
genus	Main genome;Bacteria;Bacteria (superkingdom);Proteobacteria superphylum;Bdellovibrionota;Bdellovibrionia;Bdellovibrionales;Bdellovibrionaceae;Bdellovibrio	Bdellovibrio	0	0	0	0	0	0	0	0	0	0	0	0	0	0	0	0	0	0	0	0	0	0	0	0	0	0	0	0	0	0	0	0	0	0	0	0	0	0	0	0	0	0	0	0	0	0	0	0	0	0	0	0	0	0	0	0	0	0	0	0	0	0	0	0	0	0	0	0	0	0	0	0	0	0	0	0	0	0	0	0	0	0	0	0	0	0	0	0	0	0	0	0	0	0	0	0	0	0	0	0	0	0	0	0	0	0	0	0	0	0	0	8	67	0	0	0	0	0	0	0	0	0	0	0	0	0	0	0	0	0	0	0	0	0	0	0	0	0	0	0	0	0	0	54	0	0	0	0	0
genus	Main genome;Bacteria;Bacteria (superkingdom);Proteobacteria superphylum;Bdellovibrionota;Bdellovibrionia;Bdellovibrionales;Bdellovibrionaceae;OM27 clade	OM27 clade	430	823	923	1449	679	805	618	129	2	33	9	62	27	0	5	82	97	87	136	144	231	164	0	0	0	0	5	274	395	410	1024	592	571	1044	432	2	204	47	0	3	0	131	147	125	0	1	0	0	0	0	0	0	0	251	0	0	0	26	1	5	0	0	2641	670	231	0	1	1328	617	926	1290	1575	4	39	2	10	70	2544	2781	2078	1521	1960	2891	29	23	64	4	47	46	286	952	0	11	1111	1193	0	2	1707	1252	71	3	756	1007	9	5	749	585	42	25	415	533	12	0	849	917	1080	1480	1204	1845	2709	3844	2304	2304	2256	2533	38	166	325	460	347	146	70	709	166	137	371	265	188	1184	45	1125	152	726	39	590	1	1857	0	1305
genus	Main genome;Bacteria;Bacteria (superkingdom);Proteobacteria superphylum;Bdellovibrionota;Oligoflexia;Oligoflexales;Oligoflexaceae;Pseudobacteriovorax	Pseudobacteriovorax	68	6	59	31	0	16	9	1	0	0	0	22	1	28	0	0	12	0	0	0	0	21	16	151	24	60	181	0	0	0	0	0	0	0	0	0	0	0	0	0	0	1	6	8	19	2	15	0	0	0	0	0	0	0	0	0	0	0	0	0	0	0	0	0	0	0	0	56	64	0	0	1	38	1	56	10	0	3	0	0	6	1	0	8	7	2	11	33	29	7	4	45	42	66	0	24	25	0	0	105	4	59	29	47	41	68	17	33	12	12	11	28	28	33	381	23	428	0	19	101	0	3	8	0	0	31	103	96	11	113	417	13	3	46	62	122	116	406	88	111	147	134	11	131	19	138	138	123	0
genus	Main genome;Bacteria;Bacteria (superkingdom);Terrabacteria;Firmicutes;Bacilli;Bacillales;Bacillaceae;Bacillus	Bacillus	0	0	0	0	0	0	0	0	1	0	0	0	0	0	410	261	69	253	99	1146	493	937	11343	1052	336	109	375	3	0	0	0	0	33	0	37	0	0	16	0	0	0	0	0	0	0	0	0	0	0	0	41	0	0	0	0	0	0	0	0	0	0	0	0	0	0	0	0	0	2	0	0	0	0	0	0	0	0	17	0	0	62	0	1	0	0	0	0	0	0	0	0	4	1517	163	0	0	0	0	0	2	0	0	0	581	397	0	4	0	4	2	64	175	12	15	185	35	201	37	202	0	0	0	183	1	0	652	1672	1352	1031	19	0	274	0	0	2	682	718	21	0	2017	0	0	4	659	0	27	289	0	0
genus	Main genome;Bacteria;Bacteria (superkingdom);Terrabacteria;Firmicutes;Bacilli;Bacillales;Bacillaceae;Geobacillus	Geobacillus	0	0	0	0	0	0	0	0	0	0	0	0	0	0	0	0	0	0	0	0	0	0	0	0	0	0	0	0	0	0	0	0	0	0	0	0	0	0	0	0	0	0	0	0	0	0	0	0	0	0	0	0	0	0	0	0	0	0	0	0	0	0	0	0	26	0	0	0	0	0	0	0	0	0	0	0	0	0	0	0	0	0	0	0	0	0	0	0	0	0	0	0	0	0	0	0	0	0	0	0	0	0	0	0	0	0	0	0	0	0	0	0	0	0	0	0	0	0	0	0	0	0	0	0	0	0	0	0	0	0	0	0	0	0	0	0	0	0	0	0	0	0	0	0	0	0	0	0	0
genus	Main genome;Bacteria;Bacteria (superkingdom);Terrabacteria;Firmicutes;Bacilli;Bacillales;Bacillaceae;Salimicrobium	Salimicrobium	0	0	0	0	0	0	0	0	0	0	0	0	0	0	0	0	4	53	1	0	0	55	0	0	0	0	0	0	0	0	0	0	0	0	0	0	0	0	0	0	0	0	0	0	0	0	0	0	0	0	0	0	0	0	0	0	0	0	0	0	0	0	0	0	0	0	0	0	0	0	0	0	0	0	0	0	0	0	0	0	0	0	0	0	0	0	0	0	0	0	0	0	0	0	0	0	0	0	0	0	0	0	0	0	0	0	0	0	0	0	0	0	0	0	0	0	0	0	0	0	0	0	0	0	0	0	0	0	0	0	0	0	0	0	0	0	0	0	0	0	0	0	0	0	0	0	0	0	0
genus	Main genome;Bacteria;Bacteria (superkingdom);Terrabacteria;Firmicutes;Bacilli;Bacillales;Bacillaceae;Anaerobacillus	Anaerobacillus	0	0	0	0	0	0	0	0	3	0	0	0	0	0	0	0	0	0	0	0	0	0	0	0	0	0	0	0	0	0	0	0	0	0	0	0	0	0	1	0	13	0	0	0	0	0	0	0	0	0	0	0	0	0	0	0	0	0	0	0	0	0	0	0	0	0	0	0	0	0	0	0	0	0	0	0	0	0	0	0	0	0	0	0	21	0	1	0	0	7	0	0	0	0	0	0	0	0	0	0	0	0	0	0	0	0	0	0	0	0	0	0	0	0	2	0	0	0	0	0	0	0	0	0	0	0	0	0	1	3	0	0	0	53	0	0	0	0	0	0	0	0	0	0	7	0	0	0	0
genus	Main genome;Bacteria;Bacteria (superkingdom);Terrabacteria;Firmicutes;Bacilli;Lactobacillales;Streptococcaceae;Streptococcus	Streptococcus	0	0	0	0	0	0	0	0	0	0	0	0	0	0	0	180	45	0	0	2	159	5	0	21	0	6	0	0	0	11	23	3	0	9	0	0	3	5	4	0	0	0	0	0	0	0	0	0	0	0	2	21	0	0	0	7	0	250	13	0	27	0	0	0	5	0	0	16	9	0	0	32	28	0	0	2	20	0	0	0	0	0	0	0	0	0	32	0	0	0	0	0	0	0	24	0	0	40	1	0	0	0	0	0	1	0	0	22	24	0	35	1	4	8	18	0	0	2	0	0	0	0	0	0	3	25	21	47	56	0	0	0	0	28	0	0	143	0	0	0	0	82	0	23	0	0	0	0	28
genus	Main genome;Bacteria;Bacteria (superkingdom);Terrabacteria;Firmicutes;Bacilli;Lactobacillales;Lactobacillaceae;Leuconostoc	Leuconostoc	0	0	0	0	0	0	0	0	0	0	0	0	0	0	0	0	0	0	0	0	0	0	0	0	0	0	0	0	0	0	0	0	0	0	0	0	0	0	0	0	0	0	0	0	0	0	0	0	0	0	0	0	0	0	0	0	0	0	0	0	0	0	0	0	0	0	0	0	0	0	0	0	0	0	0	0	0	0	0	0	0	0	0	0	0	0	0	0	0	0	0	0	0	0	0	0	0	0	0	0	0	0	0	0	0	0	0	0	0	0	0	0	0	16	10	0	36	21	0	0	0	0	0	0	0	192	27	7	35	25	0	0	106	0	0	0	0	0	0	0	0	0	0	0	0	0	0	0	0
genus	Main genome;Bacteria;Bacteria (superkingdom);Terrabacteria;Firmicutes;Bacilli;Lactobacillales;Lactobacillaceae;Lacticaseibacillus	Lacticaseibacillus	0	0	0	0	0	0	0	0	0	0	0	0	0	0	0	0	0	0	0	0	0	0	0	0	0	0	0	0	0	0	0	0	0	0	0	0	0	0	0	0	0	0	0	0	0	0	0	0	0	0	0	0	0	0	0	0	0	0	0	0	0	0	0	0	0	9	0	0	0	0	0	0	0	0	0	0	0	0	0	0	0	0	0	0	0	0	0	0	0	0	0	0	0	0	0	0	0	0	0	0	0	0	0	0	0	0	0	0	0	0	0	0	0	0	0	0	0	0	0	0	0	0	0	0	0	0	0	0	0	0	0	0	0	0	0	0	0	0	0	0	0	0	0	0	0	0	0	0	0
genus	Main genome;Bacteria;Bacteria (superkingdom);Terrabacteria;Firmicutes;Bacilli;Lactobacillales;Lactobacillaceae;Lactobacillus	Lactobacillus	0	0	0	0	0	0	0	0	0	0	0	0	0	0	0	0	0	0	0	0	0	0	0	0	0	0	0	0	0	0	0	0	0	0	0	0	0	0	0	0	0	0	0	0	0	0	0	0	20	0	0	2	0	0	0	0	0	0	34	0	0	6	0	0	0	0	0	0	0	0	0	0	0	0	0	1	0	0	0	0	0	0	0	0	0	0	0	0	0	0	0	0	0	0	0	0	0	0	0	0	0	0	0	0	0	0	0	0	0	0	0	0	0	0	0	0	0	0	0	0	0	0	0	0	0	0	2	0	0	0	0	0	0	0	0	0	0	0	0	0	0	0	0	0	0	0	0	0	0
genus	Main genome;Bacteria;Bacteria (superkingdom);Terrabacteria;Firmicutes;Bacilli;Lactobacillales;Lactobacillaceae;Weissella	Weissella	0	0	0	0	0	0	0	0	0	0	0	0	0	0	0	0	0	0	0	0	0	0	0	0	0	0	0	0	0	0	0	0	0	0	0	0	0	0	0	0	0	0	0	0	0	0	0	0	0	0	0	0	0	0	0	0	0	0	6	0	0	0	0	0	0	0	0	0	0	0	0	0	0	0	0	0	0	0	0	0	0	0	0	0	0	0	0	0	0	0	0	0	0	0	0	0	0	0	0	0	0	0	0	0	0	0	0	0	0	0	0	39	0	0	0	0	0	55	0	0	0	0	0	0	0	0	0	0	0	0	0	0	0	0	0	0	0	0	0	0	0	0	0	162	0	0	0	0	0
genus	Main genome;Bacteria;Bacteria (superkingdom);Terrabacteria;Firmicutes;Bacilli;Lactobacillales;Lactobacillaceae;Latilactobacillus	Latilactobacillus	0	0	0	0	0	0	0	0	0	0	0	0	0	0	2	0	0	0	0	2	0	0	17	9	1	0	0	0	0	0	0	0	0	0	0	0	0	0	0	0	0	0	0	0	0	0	0	0	0	0	0	3	0	0	69	0	0	0	0	1	0	37	0	0	0	2	0	0	0	0	0	0	0	0	0	0	0	0	0	0	0	0	0	0	0	0	0	0	0	0	0	0	0	0	0	0	0	0	0	0	0	0	0	0	0	0	0	0	0	0	0	0	0	15	197	137	153	50	0	0	0	0	0	27	0	182	109	293	190	1	0	9	76	15	22	5	0	0	2	0	0	0	0	0	0	0	0	0	0
genus	Main genome;Bacteria;Bacteria (superkingdom);Terrabacteria;Firmicutes;Bacilli;Lactobacillales;Enterococcaceae;Enterococcus	Enterococcus	0	0	0	0	0	0	0	0	0	0	0	0	0	0	0	0	0	0	0	0	0	0	0	0	0	0	0	0	0	0	0	0	0	0	0	0	0	0	0	0	0	0	0	0	0	0	0	0	0	0	0	0	0	0	0	0	0	0	0	0	0	0	0	0	150	0	0	0	0	0	0	0	0	0	0	0	0	0	0	0	0	0	0	0	0	0	0	0	0	0	0	0	0	0	0	0	0	0	0	0	0	0	0	0	0	0	0	0	0	0	0	0	0	0	0	0	0	0	0	0	0	0	0	0	0	0	0	0	0	0	0	0	0	0	0	0	0	0	0	0	0	0	0	0	0	0	0	0	0
genus	Main genome;Bacteria;Bacteria (superkingdom);Terrabacteria;Firmicutes;Bacilli;Lactobacillales;Carnobacteriaceae;Marinilactibacillus	Marinilactibacillus	0	0	0	0	0	0	0	0	0	0	0	0	0	0	0	0	0	0	0	0	0	0	0	0	0	0	0	0	0	0	0	0	0	0	0	0	0	0	0	0	0	0	0	0	0	0	0	0	0	0	0	0	0	0	0	0	0	0	0	0	0	10	0	0	0	0	0	0	0	0	0	0	0	0	0	0	0	0	0	0	0	0	0	0	0	0	0	0	0	0	0	0	0	0	0	0	0	0	0	0	0	0	0	0	0	0	0	0	0	0	0	0	0	0	0	0	0	0	0	0	0	0	0	0	0	0	0	0	0	0	0	0	0	0	0	0	0	0	0	0	0	0	0	0	0	0	0	0	0
genus	Main genome;Bacteria;Bacteria (superkingdom);Terrabacteria;Firmicutes;Bacilli;Staphylococcales;Gemellaceae;Gemella	Gemella	0	0	0	0	0	0	0	0	0	0	0	0	0	0	0	0	0	0	0	0	0	9	0	0	0	0	0	0	0	0	0	0	0	0	0	0	0	0	0	0	0	0	0	0	0	0	0	0	0	0	0	0	0	0	0	0	0	10	0	0	0	0	0	0	0	0	0	0	0	0	0	0	0	0	0	0	0	0	0	0	0	0	0	0	0	0	0	0	0	0	0	0	0	0	0	0	0	0	0	0	0	0	0	0	0	0	0	0	0	0	0	0	0	0	0	0	0	0	0	0	0	0	0	0	0	0	0	0	0	0	0	0	0	0	0	0	0	0	0	0	0	0	0	0	0	0	0	0	0
genus	Main genome;Bacteria;Bacteria (superkingdom);Terrabacteria;Firmicutes;Bacilli;Paenibacillales;Paenibacillaceae;Paenibacillus	Paenibacillus	0	0	0	0	0	0	0	3	0	0	0	0	0	0	0	0	0	0	0	0	0	0	0	0	0	0	0	0	0	0	0	0	0	0	0	0	0	0	0	1	0	0	0	0	0	0	0	0	0	0	0	0	0	0	0	0	0	0	0	0	0	0	0	0	0	0	0	0	0	2	0	0	0	0	0	0	0	0	0	0	0	0	0	0	0	0	0	0	0	0	0	0	0	0	0	0	0	0	0	0	0	0	0	0	0	0	0	0	0	0	0	0	0	0	0	0	0	0	18	0	0	0	0	0	0	26	11	18	12	0	22	0	196	0	178	0	36	0	0	0	0	0	0	0	0	0	0	0	0
genus	Main genome;Bacteria;Bacteria (superkingdom);Terrabacteria;Firmicutes;Bacilli;Brevibacillales;Brevibacillaceae;Brevibacillus	Brevibacillus	0	0	0	0	0	0	0	0	0	0	0	0	0	0	0	0	0	0	0	0	0	0	0	0	0	0	0	0	0	0	0	0	0	0	0	0	0	0	0	0	0	0	0	0	0	0	0	0	0	0	0	0	0	0	0	0	0	0	0	0	0	0	0	0	0	0	0	0	0	0	0	0	0	0	0	0	0	0	0	0	0	0	0	0	0	0	0	0	0	0	0	0	0	0	0	0	0	0	0	0	0	0	0	0	0	0	0	0	0	0	0	0	0	0	0	0	0	0	0	0	0	0	0	0	0	0	0	0	0	0	192	0	0	0	0	0	0	0	0	0	0	0	0	0	0	0	0	0	0
genus	Main genome;Bacteria;Bacteria (superkingdom);Terrabacteria;Firmicutes;Bacilli;Erysipelotrichales;Erysipelotrichaceae;Turicibacter	Turicibacter	0	0	0	0	0	0	0	0	0	0	0	0	0	0	0	0	2	0	0	0	0	62	0	0	0	0	0	0	1	0	0	0	0	0	0	0	0	0	0	0	0	0	0	0	0	0	0	0	0	0	0	0	0	0	0	0	0	0	0	0	0	0	0	0	0	0	0	0	0	0	0	0	0	0	0	0	0	0	0	0	0	0	0	0	0	0	0	0	0	0	0	0	0	0	0	0	0	0	0	0	0	0	0	0	0	0	0	0	0	0	0	0	0	0	0	0	0	3	0	0	0	0	0	0	0	0	0	0	0	0	0	0	0	0	0	0	0	0	0	0	0	0	0	0	0	0	0	0	0
genus	Main genome;Bacteria;Bacteria (superkingdom);Terrabacteria;Firmicutes;Clostridia;Clostridiales;Clostridiaceae;Clostridium sensu stricto 1	Clostridium sensu stricto 1	0	0	0	0	0	0	0	0	0	0	0	0	0	0	0	0	0	0	0	0	0	0	0	0	0	0	0	0	0	0	0	0	0	0	0	0	0	0	0	0	0	0	0	0	0	0	0	15	0	0	0	0	0	0	0	0	0	0	0	0	0	0	0	0	0	0	0	0	0	0	0	0	0	0	0	0	0	0	0	0	0	0	0	0	0	0	0	0	0	0	0	0	0	0	0	0	0	0	0	0	0	0	0	0	0	0	0	0	0	0	0	0	0	0	0	0	0	0	0	0	0	0	0	0	0	0	0	0	0	0	0	0	0	0	0	0	0	0	0	0	0	0	0	0	0	0	0	0	0
genus	Main genome;Bacteria;Bacteria (superkingdom);Terrabacteria;Firmicutes;Clostridia;Peptostreptococcales-Tissierellales;Family XI;Anaerococcus	Anaerococcus	0	0	0	0	0	0	0	0	0	0	0	0	0	0	0	0	1	0	0	0	0	0	0	0	0	0	0	0	0	0	0	0	0	0	0	0	0	0	0	0	0	0	0	0	0	0	0	0	0	0	0	0	0	0	0	0	0	0	0	0	0	0	0	0	0	0	0	0	0	0	0	0	0	0	0	0	0	0	0	0	0	0	0	93	0	0	0	0	0	0	0	0	0	0	0	0	0	0	0	0	0	0	0	0	0	0	0	0	0	0	0	0	0	0	0	0	0	0	2	0	0	2	0	0	0	18	3	54	0	0	0	0	0	0	0	0	0	0	0	0	0	0	0	0	0	0	0	5	0
genus	Main genome;Bacteria;Bacteria (superkingdom);Terrabacteria;Firmicutes;Clostridia;Peptostreptococcales-Tissierellales;Family XI;Finegoldia	Finegoldia	0	0	0	0	0	0	0	0	0	0	0	0	0	0	0	0	0	0	0	0	0	0	0	0	0	0	0	0	0	0	0	0	0	0	0	0	0	0	0	0	0	0	0	0	0	0	0	0	0	0	0	0	0	0	0	0	0	0	0	0	14	0	0	0	0	0	0	0	0	0	0	0	0	0	0	0	0	0	0	0	0	0	0	0	0	0	0	0	0	0	0	0	0	0	0	0	0	0	0	0	0	0	0	0	0	0	0	0	0	0	0	0	0	0	0	0	0	0	0	0	0	0	0	0	0	0	0	0	0	0	0	0	0	0	0	0	0	0	0	0	0	0	0	0	0	0	0	0	0
genus	Main genome;Bacteria;Bacteria (superkingdom);Terrabacteria;Firmicutes;Clostridia;Peptostreptococcales-Tissierellales;Family XI;Fenollaria	Fenollaria	0	0	0	0	0	0	0	0	0	0	0	0	0	0	0	0	0	0	0	0	0	0	0	0	0	0	0	0	0	0	0	0	0	0	0	0	0	0	0	0	0	0	0	0	0	0	0	0	0	0	0	0	0	0	0	0	0	0	0	0	14	0	0	0	0	0	0	0	0	0	0	0	0	0	0	0	0	0	0	0	0	0	0	0	0	0	0	0	0	0	0	0	0	0	0	0	0	0	0	0	0	0	0	0	0	0	0	0	0	0	0	0	0	0	0	0	0	0	0	0	0	0	0	0	0	0	0	0	0	0	0	0	0	0	0	0	0	0	0	0	0	0	0	0	0	0	0	0	0
genus	Main genome;Bacteria;Bacteria (superkingdom);Terrabacteria;Firmicutes;Clostridia;Peptostreptococcales-Tissierellales;Fusibacteraceae;Fusibacter	Fusibacter	0	0	0	0	0	0	0	0	0	0	0	0	0	0	1	0	17	200	7	39	2	67	0	0	0	0	0	0	0	0	0	0	0	0	3	0	0	0	0	0	0	0	0	0	0	0	0	0	0	0	0	0	0	0	0	0	0	0	0	0	0	0	0	0	0	0	0	0	0	0	0	0	0	0	0	0	0	0	0	0	0	0	0	0	0	0	0	0	0	0	0	0	0	0	0	0	0	0	0	0	0	0	0	0	0	0	0	0	0	0	0	0	0	0	0	0	0	0	0	0	0	0	0	0	0	0	0	0	0	0	0	0	0	0	0	0	0	0	0	0	0	0	0	0	0	0	0	0	0
genus	Main genome;Bacteria;Bacteria (superkingdom);Terrabacteria;Firmicutes;Negativicutes;Veillonellales-Selenomonadales;Veillonellaceae;Veillonella	Veillonella	0	0	0	0	0	0	0	0	0	0	0	0	0	0	0	0	0	0	0	0	0	0	0	0	0	0	0	0	0	0	0	0	0	0	0	0	0	0	0	0	0	0	0	0	0	0	0	0	0	0	0	0	0	0	0	0	0	30	0	0	0	0	0	0	0	0	0	0	0	0	0	0	0	0	0	0	0	0	0	0	0	0	0	0	0	0	0	0	0	0	0	0	0	0	0	0	0	0	0	0	0	0	0	0	0	0	0	0	0	0	0	0	0	0	0	0	0	0	0	0	0	0	0	0	0	0	0	0	0	0	0	0	0	0	0	0	0	0	0	0	0	0	0	0	0	0	0	0	0
genus	Main genome;Bacteria;Bacteria (superkingdom);Terrabacteria;Firmicutes;Negativicutes;Veillonellales-Selenomonadales;Sporomusaceae;Anaerosinus	Anaerosinus	0	0	0	0	0	0	0	0	0	0	0	0	0	0	0	0	23	2	53	8	0	17	0	0	0	0	0	0	0	0	0	0	0	0	0	0	0	0	0	0	0	0	0	0	0	0	0	0	0	0	0	0	0	0	0	0	0	0	0	0	0	0	0	0	0	0	0	0	0	0	0	0	0	0	0	0	0	0	0	0	0	0	0	0	0	0	0	0	0	0	0	0	0	0	0	0	0	0	0	0	0	0	0	0	0	0	0	0	0	0	0	0	0	0	0	0	0	0	0	0	0	0	0	0	0	0	0	0	0	0	0	0	0	0	0	0	0	0	0	0	0	0	0	0	0	0	0	0	0
genus	Main genome;Bacteria;Bacteria (superkingdom);Terrabacteria;Cyanobacteria;Cyanobacteriia;Cyanobacteriales;Phormidiaceae;Arthrospira PCC-7345	Arthrospira PCC-7345	0	0	0	0	0	0	0	0	0	0	0	0	0	0	0	0	0	0	0	0	0	0	0	0	0	0	0	0	0	0	0	0	0	0	0	0	0	0	0	0	0	0	0	0	0	0	0	0	0	0	0	0	0	0	0	0	0	0	0	0	0	0	0	0	0	0	0	0	0	0	0	0	0	0	0	0	0	0	0	0	0	0	0	0	0	0	0	0	0	0	0	0	0	0	0	0	0	0	0	0	0	0	0	0	0	0	0	0	0	0	0	66	0	0	0	0	0	0	0	0	0	0	0	0	0	189	0	0	0	0	0	0	0	0	0	0	0	0	0	0	0	0	0	253	0	0	0	0	0
genus	Main genome;Bacteria;Bacteria (superkingdom);Terrabacteria;Cyanobacteria;Cyanobacteriia;Cyanobacteriales;Cyanobacteriaceae;Symphothece PCC-7002	Symphothece PCC-7002	0	0	0	0	0	2	0	0	0	0	0	0	0	0	0	0	0	0	0	0	0	0	0	0	0	0	0	0	0	0	0	0	0	0	0	0	0	0	0	0	0	0	0	0	0	0	0	0	0	0	0	0	0	0	0	0	0	0	0	0	0	0	0	0	0	0	0	0	0	0	0	0	0	0	0	0	0	0	0	0	0	0	0	0	0	0	0	0	0	0	31	0	0	0	0	0	0	0	0	0	0	0	0	4	1	0	0	0	34	0	0	0	0	0	0	0	0	0	0	0	0	0	0	0	0	0	0	0	0	0	0	0	0	0	0	0	0	0	0	20	0	0	0	0	0	0	0	0	0
genus	Main genome;Bacteria;Bacteria (superkingdom);Terrabacteria;Cyanobacteria;Cyanobacteriia;Cyanobacteriales;Cyanobacteriaceae;Geminobacterium	Geminobacterium	0	0	0	0	0	0	0	0	0	0	0	0	0	0	0	0	0	0	0	0	0	0	0	0	0	0	0	0	0	0	0	0	0	0	0	0	0	0	0	0	0	0	0	0	0	0	0	0	0	0	0	0	0	0	0	0	0	0	0	0	0	0	0	0	0	0	0	0	0	0	0	0	0	0	0	0	0	0	0	0	0	0	0	0	0	0	0	0	0	0	0	0	0	0	0	0	0	0	0	0	0	0	0	1	0	0	0	0	51	0	0	0	0	0	0	0	0	0	0	0	0	0	0	0	0	0	0	0	0	0	0	0	0	0	0	0	0	0	0	1	0	2	0	0	0	0	0	0	0
genus	Main genome;Bacteria;Bacteria (superkingdom);Terrabacteria;Cyanobacteria;Cyanobacteriia;Cyanobacteriales;Xenococcaceae;Pleurocapsa PCC-7319	Pleurocapsa PCC-7319	0	0	0	0	0	0	0	0	0	0	0	0	0	0	4	262	122	188	67	159	496	500	0	16	0	0	0	0	0	0	0	0	0	0	4	0	0	0	0	0	0	0	0	0	0	0	0	0	0	0	0	0	0	0	0	0	0	0	0	0	0	0	0	0	0	0	0	0	0	0	0	0	0	0	0	0	0	0	0	0	0	0	0	0	0	0	0	0	0	0	0	0	0	0	0	0	0	0	0	0	0	0	0	0	0	0	0	0	0	0	0	0	0	0	0	0	0	0	0	0	0	0	0	0	0	0	0	0	200	0	0	0	283	0	0	0	0	0	0	0	0	0	0	0	0	0	0	0	0
genus	Main genome;Bacteria;Bacteria (superkingdom);Terrabacteria;Cyanobacteria;Cyanobacteriia;Synechococcales;Cyanobiaceae;Cyanobium PCC-6307	Cyanobium PCC-6307	479	206	431	666	620	634	793	18	100	34	12	5	0	0	6113	9364	8745	11156	9944	15206	6125	13460	74	19	110	84	657	1212	2057	1809	2694	2850	2470	2426	2240	3	0	0	0	18	0	315	464	316	0	17	0	0	0	0	0	0	0	182	0	0	0	44	17	26	0	13	1333	330	3	36	0	995	1520	1202	1662	2173	0	0	14	0	0	3135	4042	2714	3886	2500	3034	12	1	39	10	304	15	551	1133	0	2	2894	5295	47	7	224	808	0	28	25	21	0	4	63	0	12	0	439	80	7	0	285	14	320	97	460	493	176	2531	3137	3422	4308	3160	337	1053	396	4026	401	0	0	284	311	771	1149	3481	0	33	0	124	57	794	27	1042	0	4809	177	260
genus	Main genome;Bacteria;Bacteria (superkingdom);Terrabacteria;Cyanobacteria;Cyanobacteriia;Synechococcales;Cyanobiaceae;Synechococcus CC9902	Synechococcus CC9902	0	0	0	0	0	0	0	0	0	0	0	0	0	0	3450	4610	3835	5942	4842	7689	3258	8395	30	7	56	39	276	11180	14715	17893	18519	17405	20943	14902	16907	42	9	0	4	161	0	6735	8558	9208	44	129	0	0	8	0	0	0	0	0	0	0	0	4	0	98	56	39	163	0	49	115	11	18	8	6	7	13	0	0	0	0	0	249	352	129	214	190	292	0	19	0	0	0	0	0	0	0	0	59	193	0	0	0	35	0	0	0	0	0	0	0	0	0	0	0	0	0	0	136	0	156	0	0	66	156	181	573	177	532	134	844	57	185	2073	184	455	455	0	29	647	0	2050	0	0	0	0	0	0	0	0	0	84	0	14
genus	Main genome;Bacteria;Bacteria (superkingdom);Terrabacteria;Cyanobacteria;Cyanobacteriia;Synechococcales;Cyanobiaceae;Prochlorococcus MIT9313	Prochlorococcus MIT9313	277	238	301	283	182	212	246	57	6	106	5	2	14	0	918	971	479	103	727	56	890	84	11	117	92	82	251	1956	1355	951	238	380	218	592	411	156	47	267	10	55	0	31095	35139	23045	6657	5683	1230	5	0	23	114	0	18	0	0	0	0	17	0	102	90	62	0	0	8	0	4	39	72	0	37	68	25	0	0	0	0	94	130	327	172	180	278	0	0	40	0	0	0	274	320	6	6	2182	2403	297	190	1845	1983	919	253	18	93	13	19	7	0	0	0	7	0	14	0	0	0	0	0	0	231	178	63	794	636	461	893	173	0	0	2782	0	268	303	71	487	665	119	937	3359	56	28	15	0	23	82	474	27	3642	1248	1635
genus	Main genome;Bacteria;Bacteria (superkingdom);Terrabacteria;Cyanobacteria;Cyanobacteriia;Synechococcales;Synechococcales Incertae Sedis;Schizothrix LEGE 07164	Schizothrix LEGE 07164	0	0	0	0	0	0	0	0	0	0	0	0	0	0	0	0	0	0	0	0	0	0	0	0	0	0	0	0	0	0	0	0	0	0	0	0	0	0	0	0	0	0	0	0	0	0	0	0	0	0	0	0	0	0	0	0	0	0	0	0	0	0	0	0	0	0	0	0	0	0	0	0	0	0	0	0	0	0	0	0	0	0	0	0	0	0	0	0	0	0	0	0	0	0	0	0	0	0	0	0	0	0	0	0	0	0	0	31	0	0	0	0	0	0	0	0	0	0	0	0	0	0	0	0	0	0	0	0	0	0	0	0	0	0	0	0	0	0	0	0	0	133	0	0	0	0	0	0	0
genus	Main genome;Bacteria;Bacteria (superkingdom);Terrabacteria;Cyanobacteria;Cyanobacteriia;Phormidesmiales;Phormidesmiaceae;Phormidesmis ANT.LACV5.1	Phormidesmis ANT.LACV5.1	0	0	0	0	0	0	0	0	0	0	0	0	0	0	0	22	3	0	0	6	0	0	0	0	0	0	0	0	0	0	0	0	0	0	2	0	0	0	0	0	0	0	0	0	0	0	0	0	0	0	0	0	0	0	0	0	0	0	0	0	0	0	0	0	0	0	0	0	0	0	0	0	0	0	0	0	0	0	0	0	0	0	0	0	0	0	0	0	0	0	0	0	0	0	0	0	0	0	0	0	0	0	0	0	0	0	0	0	0	0	0	0	0	0	0	0	0	0	0	0	0	0	0	0	0	0	0	0	294	0	0	0	0	0	0	0	0	0	0	0	0	0	0	0	0	0	0	0	0
genus	Main genome;Bacteria;Bacteria (superkingdom);Terrabacteria;Cyanobacteria;Vampirivibrionia;Obscuribacterales;Obscuribacteraceae;Candidatus Obscuribacter	Candidatus Obscuribacter	0	0	0	0	0	0	0	0	0	0	0	0	0	0	0	0	0	0	0	0	0	0	0	0	0	0	0	0	0	0	0	0	0	0	0	0	0	0	0	0	0	0	0	0	0	42	0	0	0	0	0	0	0	0	0	0	0	0	0	0	0	0	0	0	0	0	0	0	0	0	0	0	0	0	0	0	0	0	0	0	0	0	0	0	0	0	0	0	0	0	0	0	0	0	0	0	0	0	0	0	0	0	0	0	0	0	0	0	0	0	0	0	0	0	0	0	0	0	0	0	0	0	0	0	0	0	0	0	0	0	0	0	0	0	0	0	0	0	0	0	0	0	0	0	0	0	0	0	0
genus	Main genome;Bacteria;Bacteria (superkingdom);Terrabacteria;Actinobacteriota;Actinobacteria;Corynebacteriales;Mycobacteriaceae;Mycobacterium	Mycobacterium	0	0	0	0	0	0	0	0	0	0	0	0	0	0	0	0	4	2	3	0	0	2	34	0	32	0	0	0	0	0	0	0	0	0	0	0	0	0	0	0	0	0	0	0	0	0	0	0	0	0	0	2	18	25	0	0	0	0	0	0	0	0	0	0	0	0	0	0	0	0	0	0	0	0	0	0	0	0	6	0	0	11	0	0	0	0	0	0	0	0	0	0	15	0	0	0	0	0	0	0	0	0	0	12	11	0	0	0	0	1	0	0	0	0	0	2	0	170	0	0	2	0	0	0	0	4	0	0	0	1	0	0	0	0	0	0	0	0	0	30	0	0	0	0	0	0	0	0	0
genus	Main genome;Bacteria;Bacteria (superkingdom);Terrabacteria;Actinobacteriota;Actinobacteria;Corynebacteriales;Nocardiaceae;Rhodococcus	Rhodococcus	0	0	0	0	0	0	0	0	0	0	0	0	0	0	0	0	0	0	1	0	0	0	0	0	0	31	0	0	0	0	0	0	0	0	0	0	0	0	0	0	0	0	0	0	0	0	0	0	0	0	0	0	0	0	31	0	0	0	0	0	0	0	0	0	0	0	71	0	0	0	0	0	0	0	0	0	0	76	0	0	0	0	0	0	0	0	32	0	0	0	0	0	65	0	61	0	0	0	0	0	16	0	28	4	1	0	0	0	0	0	0	0	0	0	0	0	0	0	0	0	0	0	0	0	0	0	0	0	0	0	0	0	0	0	0	314	0	0	0	45	0	0	0	0	0	0	0	0	0
genus	Main genome;Bacteria;Bacteria (superkingdom);Terrabacteria;Actinobacteriota;Actinobacteria;Corynebacteriales;Corynebacteriaceae;Corynebacterium	Corynebacterium	0	0	0	0	0	0	8	56	4	0	0	0	0	0	0	0	0	0	0	1	0	10	0	0	0	0	0	0	0	0	0	0	9	0	0	0	0	0	0	3	0	0	0	0	0	0	0	0	0	0	0	73	0	0	0	1	10	54	7	0	0	47	0	0	0	0	0	0	0	0	0	0	13	2	0	0	0	0	0	0	0	0	0	0	0	0	3	0	2	0	0	0	0	0	0	0	0	0	0	0	0	0	0	0	0	0	2	0	0	0	0	1	0	0	0	33	3	17	5	0	0	0	0	0	0	0	16	0	5	3	0	39	0	6	0	0	0	0	0	0	2	0	0	6	0	0	0	0	0
genus	Main genome;Bacteria;Bacteria (superkingdom);Terrabacteria;Actinobacteriota;Actinobacteria;Corynebacteriales;Corynebacteriales Incertae Sedis;Tomitella	Tomitella	0	0	0	0	0	0	0	0	0	0	0	0	0	0	0	0	0	0	0	0	0	0	0	0	0	0	0	0	0	0	0	0	0	0	0	0	0	0	0	0	0	0	0	0	0	0	0	0	0	0	0	0	0	0	0	0	0	0	0	0	0	6	0	0	0	0	0	0	0	0	0	0	0	0	0	0	0	0	0	0	0	0	0	0	0	0	0	0	0	0	0	0	0	0	0	0	0	0	0	0	0	0	0	0	0	0	0	0	0	0	0	0	0	0	0	0	0	0	0	0	0	0	0	0	0	0	0	0	0	0	0	0	0	0	0	0	0	0	0	0	0	0	0	0	0	0	0	0	0
genus	Main genome;Bacteria;Bacteria (superkingdom);Terrabacteria;Actinobacteriota;Actinobacteria;Micrococcales;Microbacteriaceae;Microbacterium	Microbacterium	0	0	0	0	0	0	0	0	0	0	0	0	18	3	0	1	5	1	5	10	0	0	117	55	29	119	0	0	0	0	0	0	0	0	0	0	0	0	0	0	0	6	21	0	3	18	0	0	0	0	0	6	0	0	0	0	0	0	0	0	0	0	0	0	119	0	0	1	0	0	0	0	1	0	0	0	0	72	13	87	28	55	131	2	1	6	69	10	0	17	0	110	124	0	0	0	0	0	0	0	17	2	112	61	14	0	9	41	22	0	0	14	8	480	0	786	4	577	399	160	147	16	83	166	0	125	0	97	5	0	0	4	0	0	2	0	52	0	7	205	0	148	0	42	44	343	0	0	0
genus	Main genome;Bacteria;Bacteria (superkingdom);Terrabacteria;Actinobacteriota;Actinobacteria;Micrococcales;Microbacteriaceae;Candidatus Aquiluna	Candidatus Aquiluna	0	0	0	0	0	0	0	0	0	0	0	0	0	0	199	125	79	100	36	59	17	131	46	50	0	24	26	0	4	0	1	8	17	4	0	0	1	2	56	0	0	0	0	0	0	0	0	74	10959	1	115	326	943	50	243	311	190	0	756	0	0	10	0	0	6	11	47	0	0	0	0	0	0	0	0	0	0	0	0	0	0	0	0	0	0	0	0	0	0	0	0	0	0	0	0	0	0	0	0	0	0	0	0	0	0	0	0	0	0	0	0	0	0	0	0	0	0	0	0	0	0	0	0	0	0	0	0	86	0	303	0	0	0	0	0	0	147	0	0	0	0	0	0	0	0	0	0	0	0
genus	Main genome;Bacteria;Bacteria (superkingdom);Terrabacteria;Actinobacteriota;Actinobacteria;Micrococcales;Microbacteriaceae;ML602J-51	ML602J-51	0	0	0	0	0	0	0	0	0	0	0	0	0	0	7	33	50	127	10	115	80	99	39	19	23	10	30	0	0	0	0	1	0	0	3	0	0	0	0	0	0	0	0	0	0	0	0	0	0	0	0	0	0	0	0	0	0	0	0	0	0	0	0	0	0	0	0	0	0	0	0	0	0	0	0	0	0	0	0	0	0	0	0	0	0	0	0	0	0	0	0	0	0	0	0	0	0	0	0	0	0	0	0	0	0	0	0	0	0	0	0	0	0	0	0	0	0	0	0	0	0	0	0	0	0	0	0	0	191	0	0	0	0	0	0	0	0	0	0	0	0	0	0	0	0	0	0	0	0
genus	Main genome;Bacteria;Bacteria (superkingdom);Terrabacteria;Actinobacteriota;Actinobacteria;Micrococcales;Micrococcaceae;Kocuria	Kocuria	0	0	0	0	0	0	0	0	0	0	0	0	0	0	0	0	0	0	0	0	0	0	0	0	0	0	0	0	0	0	0	0	0	0	0	0	0	0	0	0	0	0	0	0	0	0	0	0	0	0	0	0	0	0	0	0	0	0	0	43	0	0	0	0	0	0	0	0	0	0	0	0	0	0	0	0	0	0	0	0	0	0	0	0	0	0	0	0	0	0	0	0	0	0	0	0	0	0	0	0	0	0	0	0	0	0	0	0	0	0	0	0	0	0	0	0	0	0	0	0	0	0	0	0	0	0	0	0	0	0	0	0	0	0	0	0	0	0	0	0	0	0	0	0	0	0	0	0	0
genus	Main genome;Bacteria;Bacteria (superkingdom);Terrabacteria;Actinobacteriota;Actinobacteria;Micrococcales;Intrasporangiaceae;Ornithinicoccus	Ornithinicoccus	0	0	0	0	0	0	0	0	0	0	0	0	0	0	4	88	9	8	3	43	57	137	3	0	0	0	0	0	0	0	0	0	0	0	2	0	0	0	0	0	0	0	0	0	0	0	0	0	0	0	0	0	0	0	0	0	0	0	0	0	0	0	0	0	0	0	0	0	0	0	0	0	0	0	0	0	0	0	0	0	0	0	0	0	0	0	0	0	0	0	0	0	0	0	0	0	0	0	0	0	0	0	0	0	0	0	0	0	0	0	0	0	0	0	0	0	0	0	0	0	0	0	0	0	0	0	0	0	0	0	0	0	0	0	0	0	0	0	0	0	0	0	0	0	0	0	0	0	0
genus	Main genome;Bacteria;Bacteria (superkingdom);Terrabacteria;Actinobacteriota;Actinobacteria;Propionibacteriales;Nocardioidaceae;Nocardioides	Nocardioides	0	0	0	0	0	0	0	0	0	0	0	0	0	0	98	0	0	66	2	1	0	117	23	0	0	34	0	46	0	55	2	0	24	0	4	0	0	0	0	0	0	0	18	0	0	0	0	0	0	14	0	0	0	3	0	0	0	0	0	0	0	0	0	0	0	0	1	0	0	0	0	0	0	0	0	0	0	0	0	0	0	6	0	311	2	7	71	36	14	0	0	0	0	118	501	0	11	0	1	0	0	21	25	2	0	506	146	0	0	0	0	0	0	0	0	0	0	0	0	0	0	0	0	0	0	0	0	0	0	0	0	0	0	0	0	0	0	0	40	8	870	0	0	0	0	0	176	0	0
genus	Main genome;Bacteria;Bacteria (superkingdom);Terrabacteria;Actinobacteriota;Actinobacteria;Propionibacteriales;Propionibacteriaceae;Cutibacterium	Cutibacterium	50	25	15	58	1	1	17	191	8	18	4	165	19	1	32	41	53	110	53	296	6	165	33	44	0	4	46	18	2	23	3	38	10	5	84	43	56	6	8	1	2	47	2	14	3	31	0	0	117	15	3	447	39	24	15	9	2	16	73	2	290	16	1	21	360	37	69	30	82	14	3	36	144	71	9	20	175	7	3	32	4	18	6	4	31	12	8	5	6	11	9	8	4	0	0	0	3	41	5	5	1	13	17	2	25	26	27	206	58	16	71	18	40	51	105	119	148	389	171	548	326	21	98	15	28	442	741	356	685	346	527	119	46	138	94	334	321	20	32	1	37	659	62	69	9	26	4	4	28
genus	Main genome;Bacteria;Bacteria (superkingdom);Terrabacteria;Actinobacteriota;Acidimicrobiia;Microtrichales;Ilumatobacteraceae;Ilumatobacter	Ilumatobacter	0	0	0	0	0	0	0	0	0	0	0	0	0	0	0	0	0	60	0	1	1	0	0	0	0	0	0	0	0	0	0	0	0	0	0	0	0	0	0	0	0	6	0	0	0	0	0	2	268	0	54	34	0	3	6	2	0	0	35	0	0	0	0	0	0	0	0	0	0	0	0	0	0	0	0	0	0	0	0	0	0	0	0	0	0	0	0	0	0	0	0	0	0	0	0	0	0	0	0	0	0	0	0	0	0	0	0	0	0	0	0	0	0	0	0	0	0	0	0	0	0	0	0	0	0	0	0	0	0	0	0	0	0	0	0	0	0	0	0	0	0	0	0	0	0	0	0	0	0
genus	Main genome;Bacteria;Bacteria (superkingdom);Terrabacteria;Actinobacteriota;Acidimicrobiia;Microtrichales;Microtrichaceae;Sva0996 marine group	Sva0996 marine group	428	437	976	764	458	707	475	3	14	1	0	21	26	3	0	104	33	39	4	88	99	50	0	0	0	0	0	75	59	258	138	224	70	179	193	0	1	0	0	0	0	119	206	61	2	0	27	0	0	0	0	0	0	0	191	0	0	0	0	0	0	0	427	0	1	0	0	655	764	1150	934	2136	142	1	16	17	9	526	1189	474	456	445	947	26	31	0	54	58	2	521	796	121	11	1066	1500	98	234	3580	5324	251	1149	2784	1326	587	597	2606	1131	340	179	1123	1316	589	27	2857	3304	3333	3228	5313	4216	5340	2309	1837	714	1270	1201	274	602	253	384	649	658	274	177	312	32	165	159	783	4675	1897	4045	1050	1980	2034	874	380	1632	277	2909
genus	Main genome;Bacteria;Bacteria (superkingdom);Terrabacteria;Actinobacteriota;Acidimicrobiia;Actinomarinales;Actinomarinaceae;Candidatus Actinomarina	Candidatus Actinomarina	33203	22981	20466	27778	28456	16353	21074	21546	18859	26325	23783	22281	28709	17038	3588	3844	7347	10055	5782	10224	7841	8742	11906	10787	6958	10505	24198	1941	3260	3992	4359	6647	3955	6089	7947	9818	7614	9579	9773	7676	10798	4699	6268	2978	12614	12055	13381	0	394	0	63	341	193	1107	551	0	607	77	85	85	190	103	5352	1752	6448	262	551	8396	17426	20486	20199	42057	22912	20776	17053	17545	14619	8934	13315	25932	15149	27804	24713	16587	18702	15750	12007	13832	15262	4629	22692	16032	23384	10084	8636	25545	17061	6352	3634	22835	10003	1966	6245	5696	7647	762	645	1075	920	30	409	292	347	1478	1592	2889	2887	1436	2962	13715	11976	20307	10057	16310	14954	6300	7377	5806	9332	9818	8399	71543	66513	57166	60600	79206	30149	76314	3503	18373	1425	4015	41	1119	8475	57957	17415	90352	4233
genus	Main genome;Bacteria;Bacteria (superkingdom);Terrabacteria;Deinococcota;Deinococci;Deinococcales;Deinococcaceae;Deinococcus	Deinococcus	0	0	0	0	0	0	0	0	0	0	0	0	0	0	0	0	0	0	0	0	0	0	0	0	0	0	0	0	0	0	0	0	0	0	0	0	0	0	0	0	0	0	0	0	0	0	0	0	0	0	0	0	0	0	0	0	0	0	0	0	0	0	0	0	0	0	0	0	0	0	0	0	0	0	0	0	0	0	0	0	0	0	0	0	0	0	0	0	0	0	0	0	0	0	0	0	0	0	0	0	0	0	0	0	0	0	0	0	0	0	0	0	0	0	0	0	0	0	0	0	0	0	0	0	0	0	0	0	0	0	0	0	0	0	0	0	0	0	0	0	0	0	0	0	0	0	0	0	0
genus	Main genome;Bacteria;Bacteria (superkingdom);FCB group;Bacteroidota;Bacteroidia;Flavobacteriales;Weeksellaceae;Chryseobacterium	Chryseobacterium	0	0	0	0	0	0	0	0	0	0	0	0	0	0	0	13	0	0	0	0	0	0	0	0	0	0	0	0	0	0	0	0	0	0	0	0	0	0	0	0	0	0	0	0	0	0	0	0	0	0	41	0	0	0	0	0	0	0	0	0	0	11	0	0	0	0	0	0	0	0	0	0	0	0	0	0	0	0	0	0	0	0	0	0	0	0	0	0	0	0	0	0	0	0	0	0	0	0	3	0	0	0	0	0	0	0	0	0	0	0	0	0	0	0	0	0	47	0	0	0	0	0	0	0	0	0	1	0	0	0	0	0	5	0	280	0	0	0	0	0	0	0	1	0	0	0	0	0	0
genus	Main genome;Bacteria;Bacteria (superkingdom);FCB group;Bacteroidota;Bacteroidia;Flavobacteriales;Weeksellaceae;Cloacibacterium	Cloacibacterium	0	0	0	0	0	0	0	0	0	0	0	0	0	0	223	0	0	17	20	59	1	75	0	0	0	0	0	0	0	0	0	0	0	0	1	0	0	0	0	0	0	0	0	0	0	0	0	0	0	0	0	0	0	0	0	0	0	0	7	0	0	0	0	0	0	0	0	0	0	0	0	0	0	0	0	0	0	0	0	0	0	0	0	0	0	0	0	0	0	0	0	0	0	0	0	0	0	0	0	0	0	0	0	0	0	0	0	0	0	0	0	0	0	0	0	0	0	0	0	0	0	0	0	0	0	0	0	0	0	0	0	0	0	0	0	0	0	0	0	0	0	0	0	0	0	0	0	0	0
genus	Main genome;Bacteria;Bacteria (superkingdom);FCB group;Bacteroidota;Bacteroidia;Flavobacteriales;Flavobacteriaceae;Winogradskyella	Winogradskyella	78	109	211	389	114	95	66	0	0	0	0	0	0	0	313	318	555	618	401	634	624	1060	1	0	0	0	0	7	32	59	7	50	0	23	27	0	0	0	0	0	0	47	86	53	2	18	0	183	0	0	0	0	0	0	0	0	0	0	0	0	0	0	22	0	0	0	0	290	340	217	276	325	11	0	0	0	0	102	24	24	11	1	53	0	0	0	0	0	0	110	84	0	385	57	172	68	0	262	385	0	0	277	123	93	34	172	152	31	31	911	146	158	0	19	233	202	378	340	552	128	134	189	84	4	113	413	13	14	196	0	588	802	18	0	0	0	141	0	466	400	311	84	1730	733	144	0	102	350	169
genus	Main genome;Bacteria;Bacteria (superkingdom);FCB group;Bacteroidota;Bacteroidia;Flavobacteriales;Flavobacteriaceae;Maribacter	Maribacter	0	0	0	0	0	0	0	0	0	0	0	0	0	0	54	82	20	14	2	3	0	6	0	0	0	0	0	0	0	0	0	0	0	0	0	0	0	0	0	0	0	0	0	0	0	0	0	262	0	0	124	0	3	2	0	0	0	0	0	0	0	0	0	0	0	0	0	0	0	0	0	0	0	0	0	0	0	0	0	0	0	0	0	0	0	0	0	0	0	0	0	0	0	0	0	0	0	0	0	0	0	0	0	0	0	0	0	0	0	0	0	0	0	0	0	0	0	0	0	0	0	0	0	0	0	0	0	0	120	0	0	0	0	0	0	0	0	0	0	0	0	0	0	0	0	0	0	0	0
genus	Main genome;Bacteria;Bacteria (superkingdom);FCB group;Bacteroidota;Bacteroidia;Flavobacteriales;Flavobacteriaceae;Aquimarina	Aquimarina	0	0	0	0	0	0	0	0	0	0	0	0	0	0	0	0	0	0	0	0	0	0	0	0	0	0	0	0	0	0	0	0	0	0	0	0	0	0	0	0	0	0	0	0	0	0	0	0	0	0	0	0	0	0	0	0	0	0	0	0	0	0	0	0	0	0	0	0	0	0	0	0	0	0	0	0	0	0	0	0	0	0	0	0	0	0	0	0	0	0	0	0	0	0	0	0	0	0	0	0	0	0	0	0	0	0	0	0	0	0	0	0	0	0	0	0	0	0	0	0	78	0	0	0	0	0	0	0	0	0	0	0	0	0	0	0	0	0	0	0	0	0	0	0	0	0	0	0	0
genus	Main genome;Bacteria;Bacteria (superkingdom);FCB group;Bacteroidota;Bacteroidia;Flavobacteriales;Flavobacteriaceae;Flavobacterium	Flavobacterium	0	0	0	0	0	0	0	0	0	0	0	0	0	0	0	0	0	0	0	0	0	0	0	0	0	0	0	0	0	0	0	0	0	0	0	0	0	0	0	0	0	7	11	0	107	32	0	0	0	0	0	0	0	0	0	0	0	0	0	0	0	0	0	0	337	0	0	0	0	0	0	0	0	0	0	0	0	0	0	0	0	0	0	0	0	0	0	0	0	0	0	2	0	0	0	0	0	0	0	0	15	81	0	69	0	0	0	0	0	0	0	0	0	20	0	92	0	141	0	4	0	0	0	0	0	0	0	0	0	0	0	0	0	0	0	847	0	0	168	176	0	0	0	0	0	8	0	0	0
genus	Main genome;Bacteria;Bacteria (superkingdom);FCB group;Bacteroidota;Bacteroidia;Flavobacteriales;Flavobacteriaceae;Mesonia	Mesonia	0	0	0	0	0	0	0	0	0	0	0	0	0	0	31	10	17	0	46	36	6	48	0	0	0	0	0	0	18	0	0	0	17	0	0	0	0	0	5	0	0	0	20	0	0	0	0	0	0	0	0	0	0	0	0	0	0	0	0	0	0	0	0	0	0	0	0	0	0	0	0	0	0	0	0	0	0	1	0	53	0	0	22	0	0	11	0	0	6	0	0	0	0	0	14	0	0	0	0	0	0	0	0	0	0	29	0	0	1	0	0	0	0	42	0	0	0	6	0	0	0	515	0	0	0	70	0	0	94	0	0	135	0	7	0	0	0	0	0	0	63	0	0	0	0	0	0	0	0
genus	Main genome;Bacteria;Bacteria (superkingdom);FCB group;Bacteroidota;Bacteroidia;Flavobacteriales;Flavobacteriaceae;Muricauda	Muricauda	0	0	0	0	0	0	0	0	0	0	0	0	0	0	0	0	0	0	0	0	0	0	0	0	0	0	0	0	0	0	0	0	0	0	0	0	0	0	0	0	0	0	0	0	0	0	0	0	0	0	0	0	0	0	0	0	0	0	0	0	0	0	0	0	0	0	0	0	0	0	0	0	0	0	0	5	0	4	29	12	3	79	13	0	0	0	0	0	0	0	0	0	0	0	0	0	0	0	0	0	0	0	0	0	0	0	0	0	0	0	0	0	0	324	845	716	174	245	0	0	7	122	30	83	1	265	394	254	98	0	0	49	2	0	0	409	0	0	0	0	0	0	0	0	0	0	0	0	0
genus	Main genome;Bacteria;Bacteria (superkingdom);FCB group;Bacteroidota;Bacteroidia;Flavobacteriales;Flavobacteriaceae;Nonlabens	Nonlabens	0	0	0	0	0	0	0	0	0	0	0	0	0	0	0	0	0	0	0	1	0	4	0	0	0	0	0	0	0	0	0	0	0	0	1	0	0	0	0	0	0	0	0	0	0	0	0	400	0	0	30	22	0	0	0	0	0	49	0	0	16	0	0	0	0	0	0	0	0	0	0	0	0	0	0	0	0	0	0	0	0	0	0	0	0	0	0	0	0	0	0	0	0	0	0	0	0	0	0	0	0	0	0	0	0	0	0	0	0	0	0	0	0	0	0	0	0	0	0	0	0	0	0	0	0	0	0	0	0	0	0	0	0	0	0	0	0	0	0	0	0	0	0	0	0	0	0	0	0
genus	Main genome;Bacteria;Bacteria (superkingdom);FCB group;Bacteroidota;Bacteroidia;Flavobacteriales;Flavobacteriaceae;Leeuwenhoekiella	Leeuwenhoekiella	0	0	0	0	0	0	0	0	0	0	0	0	0	0	0	0	0	0	0	0	0	0	3	30	0	0	0	0	0	0	0	0	0	0	0	0	0	0	0	0	0	0	0	0	0	0	0	0	0	0	0	0	0	0	0	0	0	0	0	0	0	0	0	0	0	0	0	0	0	0	0	0	0	0	0	0	0	0	0	0	0	0	0	0	0	0	0	0	0	0	0	0	0	0	0	0	0	0	0	0	0	0	0	0	0	0	0	0	0	0	0	0	0	0	0	0	0	0	0	0	0	0	0	0	0	0	0	0	0	0	0	0	0	0	0	0	0	0	0	0	0	0	0	0	0	0	0	0	0
genus	Main genome;Bacteria;Bacteria (superkingdom);FCB group;Bacteroidota;Bacteroidia;Flavobacteriales;Flavobacteriaceae;Salegentibacter	Salegentibacter	0	0	0	0	0	0	0	0	0	0	0	0	0	0	0	15	30	62	47	85	87	140	0	0	0	0	0	25	1	24	21	0	4	7	21	0	0	0	0	0	0	2	30	2	0	0	0	0	0	0	9	0	0	0	0	0	0	0	0	0	0	0	0	0	0	0	0	0	0	0	0	0	0	0	0	0	0	0	0	0	25	15	0	0	0	0	0	37	0	0	0	0	0	0	16	0	0	0	0	0	0	0	0	0	0	0	0	0	5	0	0	0	0	96	0	46	5	433	28	8	0	0	0	0	0	16	0	42	0	102	0	0	0	0	24	0	0	0	0	0	0	0	0	0	0	0	0	0	0
genus	Main genome;Bacteria;Bacteria (superkingdom);FCB group;Bacteroidota;Bacteroidia;Flavobacteriales;Flavobacteriaceae;Mesoflavibacter	Mesoflavibacter	0	0	0	0	0	0	0	0	0	0	0	0	0	0	0	39	13	49	51	81	8	17	0	0	0	0	0	0	0	0	0	0	0	0	1	0	0	0	0	0	0	0	0	0	0	0	0	0	0	0	0	0	0	0	0	0	0	0	0	0	0	0	0	0	0	0	0	0	0	0	0	0	0	0	0	0	0	0	0	0	0	0	0	0	0	0	0	0	0	0	0	2	31	0	0	0	0	0	0	0	0	0	0	6	0	0	0	0	0	0	0	0	0	41	0	0	0	0	0	0	0	0	0	0	0	0	0	0	0	0	0	0	0	0	0	0	0	0	0	14	0	0	0	0	0	8	0	0	0
genus	Main genome;Bacteria;Bacteria (superkingdom);FCB group;Bacteroidota;Bacteroidia;Flavobacteriales;Flavobacteriaceae;Arenibacter	Arenibacter	0	0	0	0	0	0	0	0	0	0	0	0	0	0	155	21	10	47	0	18	4	3	0	0	0	0	0	0	0	0	0	0	0	0	0	0	0	0	0	0	0	0	0	0	0	0	0	0	0	0	0	0	0	0	0	0	0	0	0	0	0	0	0	0	0	0	0	0	0	0	0	0	0	0	0	0	0	0	0	0	0	0	0	0	0	0	0	0	0	0	0	0	0	0	0	0	0	0	0	0	0	0	0	0	0	0	0	0	0	0	0	0	0	0	0	0	0	0	0	0	0	0	0	0	0	0	0	0	0	0	0	0	0	0	0	0	0	0	0	0	0	0	0	0	0	0	0	0	0
genus	Main genome;Bacteria;Bacteria (superkingdom);FCB group;Bacteroidota;Bacteroidia;Flavobacteriales;Flavobacteriaceae;Psychroflexus	Psychroflexus	0	0	0	0	0	0	0	0	0	0	0	0	0	0	0	0	0	0	0	0	0	0	0	0	0	0	0	0	0	0	0	0	0	0	0	0	0	0	0	0	0	0	0	0	0	0	0	0	0	0	0	0	0	0	0	0	0	0	0	0	0	0	0	0	0	0	0	1	3	0	0	0	0	0	0	0	0	0	0	0	0	0	0	0	0	0	0	0	0	0	0	0	0	0	0	0	0	0	0	0	0	0	0	0	0	1	0	0	0	0	0	0	0	71	44	2	12	2	137	0	2	0	0	0	0	0	0	0	0	0	0	0	0	0	0	0	0	0	0	0	2	0	0	0	0	0	0	0	0
genus	Main genome;Bacteria;Bacteria (superkingdom);FCB group;Bacteroidota;Bacteroidia;Flavobacteriales;Flavobacteriaceae;Pseudofulvibacter	Pseudofulvibacter	0	0	0	0	0	0	0	0	0	0	0	0	0	0	0	0	0	0	0	81	0	0	0	0	0	0	0	0	0	0	0	0	0	0	5	0	0	0	0	0	0	0	3	11	0	0	0	49	0	0	0	56	77	2	0	6	19	1	0	0	0	4	11	5	0	0	0	0	0	0	0	0	0	0	0	0	0	30	23	1	18	23	31	0	0	0	0	0	12	0	0	0	0	0	0	0	0	0	0	0	0	0	0	0	0	0	2	0	0	28	0	0	0	5	0	57	7	129	585	0	21	0	33	4	7	0	0	2	226	0	2	0	0	0	12	0	0	0	0	0	0	0	38	7	0	0	0	0	0
genus	Main genome;Bacteria;Bacteria (superkingdom);FCB group;Bacteroidota;Bacteroidia;Flavobacteriales;Flavobacteriaceae;Psychroserpens	Psychroserpens	0	0	0	0	0	0	0	0	0	0	0	0	0	0	0	0	0	0	0	0	0	0	0	0	0	0	0	0	0	0	0	0	0	0	0	0	0	0	0	0	0	0	0	0	0	0	0	681	1	0	18	66	20	8	0	0	0	22	0	0	215	11	0	0	0	0	0	0	0	0	0	0	0	0	0	0	0	0	0	0	0	0	0	0	0	0	0	0	0	0	0	0	0	0	0	0	0	0	0	0	0	0	0	0	0	0	0	0	0	0	0	0	0	0	0	0	0	0	0	0	0	0	0	0	0	0	0	0	0	0	0	0	0	0	0	0	0	0	0	0	0	0	0	0	0	0	0	0	0
genus	Main genome;Bacteria;Bacteria (superkingdom);FCB group;Bacteroidota;Bacteroidia;Flavobacteriales;Flavobacteriaceae;Dokdonia	Dokdonia	0	0	0	0	0	0	0	0	0	0	0	0	0	0	0	0	0	0	0	0	0	0	0	0	0	0	0	0	0	0	0	0	0	0	0	0	0	0	0	0	0	0	0	0	0	0	0	535	0	0	0	7	32	3	0	0	53	7	0	0	37	61	0	0	0	0	1	0	0	0	0	0	0	0	0	0	0	0	0	0	0	0	0	0	0	0	0	0	0	0	0	0	0	0	0	0	0	0	0	0	0	0	0	0	0	0	0	0	0	0	0	0	0	0	0	0	0	0	0	0	0	0	0	0	0	0	0	0	0	0	0	0	0	0	0	0	0	0	0	0	0	0	0	0	0	0	0	0	0
genus	Main genome;Bacteria;Bacteria (superkingdom);FCB group;Bacteroidota;Bacteroidia;Flavobacteriales;Flavobacteriaceae;Robiginitalea	Robiginitalea	0	0	0	0	0	0	0	0	0	0	0	0	0	0	0	0	0	0	0	0	0	0	0	0	0	0	0	0	0	0	0	0	0	0	0	0	0	0	0	0	0	0	0	0	0	0	0	0	0	0	0	0	0	0	0	0	0	0	0	0	0	0	0	0	0	0	0	0	0	0	0	0	0	0	0	0	0	0	0	0	0	0	0	0	0	0	0	0	0	0	0	0	0	0	0	0	0	0	0	0	0	0	0	0	0	0	0	0	0	0	0	0	0	0	0	0	0	0	0	0	0	0	0	84	0	0	0	0	0	0	0	0	0	0	0	0	0	0	0	0	0	0	0	0	0	0	0	0	0
genus	Main genome;Bacteria;Bacteria (superkingdom);FCB group;Bacteroidota;Bacteroidia;Flavobacteriales;Flavobacteriaceae;NS5 marine group	NS5 marine group	6479	9622	13002	10503	7081	11617	7281	826	772	1416	1536	1645	1805	5427	13980	26742	24748	27258	17394	31697	16797	28803	28178	39212	49563	53447	21337	11938	19040	17026	23796	27545	25737	21891	19749	15999	12664	18593	19361	19799	14397	15829	21660	11740	17687	16530	22056	965	14546	37165	11807	4905	9181	40508	16240	19655	30471	1248	3176	11672	2464	441	1716	4321	5353	1141	9416	7087	11034	7997	8632	15429	6814	2235	10444	10363	11513	5481	6136	5355	4060	3271	8591	15228	5679	16194	14886	22713	12575	4118	7271	6648	1856	7198	6458	7168	5435	9936	7391	4002	6488	2325	3692	1599	2260	1240	712	1465	656	944	625	2146	499	2310	3108	1858	2048	3100	4090	26549	17567	15145	9143	16211	13697	11421	5800	7738	17425	8661	10161	41407	65719	31357	28064	41894	29402	14556	4263	6012	2015	5749	1640	9307	7984	26518	12096	29520	8859
genus	Main genome;Bacteria;Bacteria (superkingdom);FCB group;Bacteroidota;Bacteroidia;Flavobacteriales;Flavobacteriaceae;Gramella	Gramella	0	0	0	0	0	0	0	0	0	0	0	0	0	0	94	9	42	97	155	117	218	111	0	0	0	0	0	78	192	2598	140	171	3517	301	2420	0	0	0	0	0	0	17	32	76	0	0	0	0	0	22	67	0	0	0	5	0	0	0	0	0	122	0	0	0	9	0	0	0	0	0	0	0	0	0	0	0	0	0	0	0	0	0	0	0	0	0	0	0	0	0	0	0	0	0	0	0	0	0	0	0	0	0	0	0	0	0	0	0	0	0	0	0	0	0	0	0	0	0	0	0	0	0	0	0	0	0	0	0	0	0	0	0	0	0	0	0	0	0	0	0	0	0	0	0	0	0	0	0	2
genus	Main genome;Bacteria;Bacteria (superkingdom);FCB group;Bacteroidota;Bacteroidia;Flavobacteriales;Flavobacteriaceae;Ulvibacter	Ulvibacter	0	0	0	0	0	0	0	0	0	0	0	0	0	0	0	0	0	0	0	0	0	57	0	0	0	0	0	0	0	0	0	0	2	0	0	0	0	0	0	0	0	134	0	35	0	0	0	2438	33	1	295	43	13	2	84	0	0	61	0	1	39	0	0	0	1	0	0	0	0	0	0	0	0	0	0	0	0	0	0	0	0	0	0	0	0	0	0	0	0	0	0	0	0	0	0	0	0	0	0	0	0	0	0	0	0	0	0	0	0	0	0	0	0	0	0	3	0	0	0	0	0	0	0	0	0	0	0	0	0	0	0	1	0	0	0	0	0	0	0	0	0	0	0	0	0	0	0	0	0
genus	Main genome;Bacteria;Bacteria (superkingdom);FCB group;Bacteroidota;Bacteroidia;Flavobacteriales;Flavobacteriaceae;Gilvibacter	Gilvibacter	49	0	4	0	12	1	2	0	0	0	0	0	0	0	0	0	0	49	8	28	19	0	0	0	0	0	0	0	0	0	0	0	0	0	1	0	0	0	0	0	0	0	0	0	0	0	0	0	0	0	0	0	0	0	0	0	0	0	0	0	0	0	0	0	0	0	0	10	33	33	29	14	0	0	0	0	0	0	1	0	0	0	7	0	0	0	0	0	0	0	0	0	0	1	39	0	0	36	63	0	0	64	25	0	2	28	52	1	54	0	11	0	0	0	0	15	1	8	138	1	0	2	0	0	0	0	0	109	79	0	0	31	0	0	0	0	0	0	95	1	41	9	0	0	0	0	0	0	36
genus	Main genome;Bacteria;Bacteria (superkingdom);FCB group;Bacteroidota;Bacteroidia;Flavobacteriales;Flavobacteriaceae;Kordia	Kordia	0	0	0	0	0	0	0	0	0	0	0	0	0	0	0	0	0	0	0	0	0	0	0	0	0	0	0	0	0	0	0	0	0	0	0	0	0	0	0	0	0	0	0	0	0	0	0	66	0	0	10	44	0	0	0	0	0	6	11	0	6	35	0	0	0	0	0	0	0	0	0	0	0	0	0	0	0	0	0	0	0	0	0	0	0	0	0	0	0	0	0	0	0	0	0	0	0	0	0	0	0	0	0	0	0	0	0	0	0	0	0	0	0	0	0	0	0	0	0	0	0	0	0	0	0	0	0	0	0	0	0	0	0	0	0	0	0	0	0	0	0	0	0	0	0	0	0	0	0
genus	Main genome;Bacteria;Bacteria (superkingdom);FCB group;Bacteroidota;Bacteroidia;Flavobacteriales;Flavobacteriaceae;Salinimicrobium	Salinimicrobium	0	0	0	0	0	0	0	0	0	0	0	0	0	0	0	0	0	0	0	0	63	0	0	0	0	0	0	0	0	0	0	0	0	0	0	0	0	0	0	0	0	0	0	0	0	0	0	0	0	0	0	0	0	0	0	0	0	0	0	0	0	0	0	0	0	0	0	0	0	0	0	0	0	0	0	0	0	0	0	0	0	0	0	0	0	0	0	0	0	0	0	0	0	0	0	0	0	0	0	0	0	0	0	0	0	0	0	0	0	0	0	0	0	0	0	0	0	0	0	0	0	0	0	0	0	0	0	0	0	0	0	0	0	0	0	0	0	0	0	0	0	0	0	0	0	0	0	0	0
genus	Main genome;Bacteria;Bacteria (superkingdom);FCB group;Bacteroidota;Bacteroidia;Flavobacteriales;Flavobacteriaceae;Aureimarina	Aureimarina	0	0	0	0	0	0	0	0	0	0	0	0	0	0	0	0	0	0	0	0	0	0	0	0	0	0	0	0	0	0	0	0	0	0	0	0	0	0	0	0	0	0	0	0	0	0	0	0	0	0	0	0	0	0	0	0	0	0	0	0	334	0	0	0	0	0	0	0	0	0	0	0	0	0	0	0	0	0	0	0	0	0	0	0	0	0	0	0	0	0	0	0	0	0	0	0	0	0	0	0	0	0	0	0	0	0	0	0	0	0	0	0	0	0	0	0	0	0	0	0	0	0	0	0	0	0	0	0	0	0	0	0	0	0	0	0	0	0	0	0	0	0	0	0	0	0	0	0	0
genus	Main genome;Bacteria;Bacteria (superkingdom);FCB group;Bacteroidota;Bacteroidia;Flavobacteriales;Flavobacteriaceae;Formosa	Formosa	0	0	0	0	0	2	0	0	0	0	0	0	0	0	1723	2547	4507	6214	2878	3959	4444	6015	0	0	0	0	3	3982	6376	5284	7792	7105	9242	8584	9058	141	2	0	0	0	0	2037	2570	2388	0	1	0	0	3	0	3	0	0	0	1749	0	0	0	58	57	0	211	184	172	0	0	0	8	6	0	0	0	0	0	0	0	0	72	38	27	114	15	87	0	0	0	0	32	0	0	0	0	0	0	0	0	0	1	0	0	0	0	20	0	0	0	0	0	0	0	0	60	0	0	0	103	0	414	123	64	195	249	128	246	165	606	217	0	1205	405	205	0	0	416	210	0	443	0	0	0	0	0	0	238	0	0	0	0	0
genus	Main genome;Bacteria;Bacteria (superkingdom);FCB group;Bacteroidota;Bacteroidia;Flavobacteriales;Flavobacteriaceae;NS4 marine group	NS4 marine group	3212	3211	5384	5863	6024	8767	8203	437	159	382	541	563	1823	1015	18957	22908	24056	31519	22171	34692	13856	28855	854	1641	6253	6577	3929	13686	18150	14708	25245	23628	24813	24744	25556	1245	1695	1305	733	1679	938	10059	14561	9537	1785	1558	1435	334	1684	3052	1293	662	865	5149	3130	682	2262	196	387	875	416	135	3620	1163	627	174	725	9136	11012	8017	10606	17759	868	475	3274	2162	2592	4789	3936	4497	3784	3777	6349	1524	946	2623	1610	2663	1689	4200	5083	1908	773	2276	2491	383	479	1462	2450	35	430	139	2752	20	77	450	5	0	0	0	0	0	3	639	1317	879	409	332	755	13557	13455	12920	8650	13505	9712	3870	2869	3228	10978	2098	2002	3102	8011	4354	6718	6956	12806	159	347	98	857	0	0	19	7854	7489	4093	1423	1359
genus	Main genome;Bacteria;Bacteria (superkingdom);FCB group;Bacteroidota;Bacteroidia;Flavobacteriales;Flavobacteriaceae;Aureisphaera	Aureisphaera	0	0	0	0	0	0	0	0	0	0	0	0	0	0	0	0	0	0	0	0	0	0	0	0	0	0	0	0	0	0	0	0	0	0	0	0	0	0	0	0	0	0	0	0	0	0	0	0	0	0	0	0	0	0	0	0	0	0	0	0	0	0	0	0	0	0	0	0	25	0	0	0	0	0	0	0	0	6	0	0	0	0	0	0	0	0	0	0	0	0	0	0	0	0	0	0	0	0	13	0	0	0	0	0	0	8	0	10	3	0	0	0	0	3	0	41	0	140	161	4	20	0	0	0	0	0	0	26	0	0	0	0	0	0	0	0	0	0	0	0	14	38	0	0	0	0	0	0	0
genus	Main genome;Bacteria;Bacteria (superkingdom);FCB group;Bacteroidota;Bacteroidia;Flavobacteriales;Flavobacteriaceae;Marixanthomonas	Marixanthomonas	0	0	0	0	0	0	0	0	0	0	0	0	0	0	0	72	7	9	0	0	0	1	0	0	0	0	0	0	0	0	0	0	0	0	0	0	0	0	0	0	0	0	0	0	0	0	0	0	0	0	0	0	0	0	0	0	0	0	0	0	0	0	0	0	0	0	0	0	0	0	0	0	0	0	0	0	0	0	0	0	0	0	0	0	0	0	0	0	0	0	0	0	0	0	0	0	0	0	0	0	0	0	0	0	0	0	0	0	0	0	0	0	0	0	0	0	0	0	0	0	0	0	0	0	0	0	0	0	0	0	0	0	0	0	0	0	0	0	0	0	0	0	0	0	0	0	0	0	0
genus	Main genome;Bacteria;Bacteria (superkingdom);FCB group;Bacteroidota;Bacteroidia;Flavobacteriales;Flavobacteriaceae;Joostella	Joostella	0	0	0	0	0	0	0	0	0	0	0	0	0	0	0	0	0	14	0	0	0	0	0	0	0	0	0	0	0	0	0	0	0	0	0	0	0	0	0	0	0	0	0	0	0	0	0	0	0	0	0	0	0	0	0	0	0	0	0	0	1	0	0	0	0	0	0	0	0	0	0	0	0	0	0	0	0	0	0	0	0	0	0	0	0	0	0	0	0	0	0	0	0	0	0	0	0	0	0	0	0	0	0	0	0	0	0	0	0	0	0	0	0	0	167	0	0	0	0	0	0	0	0	0	0	0	0	0	0	0	0	0	0	0	0	0	0	0	0	0	0	0	0	0	0	0	0	0	0
genus	Main genome;Bacteria;Bacteria (superkingdom);FCB group;Bacteroidota;Bacteroidia;Flavobacteriales;Flavobacteriaceae;NS3a marine group	NS3a marine group	0	0	0	0	0	0	0	0	0	0	0	0	0	0	0	0	0	0	0	0	0	0	0	0	0	0	0	27	0	10	3	3	73	10	72	0	0	0	0	0	0	0	0	0	0	0	0	0	0	0	0	0	0	0	0	0	0	0	0	0	0	0	0	0	0	0	0	0	0	0	0	0	0	0	0	0	0	0	0	0	0	0	0	0	0	0	0	0	0	0	0	0	0	0	0	0	0	0	0	0	0	0	0	0	0	0	0	0	0	0	0	0	0	0	0	0	0	0	0	0	0	0	0	0	0	0	0	0	0	0	0	0	0	0	0	0	0	0	0	0	0	0	0	0	0	0	0	0	0
genus	Main genome;Bacteria;Bacteria (superkingdom);FCB group;Bacteroidota;Bacteroidia;Flavobacteriales;Flavobacteriaceae;Jejudonia	Jejudonia	0	0	0	0	0	0	0	0	0	0	0	0	0	0	0	0	0	0	0	0	0	0	0	0	0	0	0	2	1	50	0	0	164	0	69	0	0	0	0	0	0	0	0	0	0	0	0	0	0	0	0	0	0	0	0	0	0	0	0	0	0	0	0	0	0	0	0	0	0	0	0	0	0	0	0	0	0	0	0	0	0	0	0	0	0	0	0	0	0	0	0	0	0	0	0	0	0	0	0	0	0	0	0	0	0	0	0	0	0	0	0	0	0	0	0	0	0	0	0	0	0	0	0	0	0	0	0	0	0	0	0	0	0	0	0	0	0	0	0	0	0	0	0	0	0	0	0	0	0
genus	Main genome;Bacteria;Bacteria (superkingdom);FCB group;Bacteroidota;Bacteroidia;Flavobacteriales;Flavobacteriaceae;NS2b marine group	NS2b marine group	1064	1088	1291	2026	1509	1323	2160	2	120	25	127	9	0	0	1218	1970	1650	2728	2434	2448	1178	2054	2	5	0	0	0	2794	3931	3259	5080	4070	5122	5507	5844	28	127	0	0	4	40	4093	7373	5565	21	4	10	0	0	0	0	0	0	959	563	0	226	0	0	0	0	1	9969	4143	268	125	2	2002	1859	2350	3122	3557	2	0	28	25	12	2485	2719	3035	3023	2644	4955	7	0	6	7	21	0	712	1658	0	0	490	957	0	9	2110	2160	0	2	1315	423	51	14	685	356	14	14	68	205	2	0	26	168	180	452	156	1588	5426	8371	4392	4627	6763	6589	666	679	698	1167	0	364	1012	164	190	112	0	1191	0	2248	234	1223	40	128	5	1299	7	924	2	2027
genus	Main genome;Bacteria;Bacteria (superkingdom);FCB group;Bacteroidota;Bacteroidia;Flavobacteriales;Flavobacteriaceae;Aureitalea	Aureitalea	0	0	0	0	0	0	0	0	0	0	0	0	0	0	0	0	0	0	0	0	0	0	0	0	0	0	0	0	0	0	0	0	0	0	0	0	0	0	0	0	0	0	0	0	0	0	0	0	0	0	0	0	0	0	0	0	0	0	0	0	0	0	0	0	0	0	0	0	0	0	0	0	0	0	0	0	0	0	0	0	0	0	0	0	0	0	0	0	0	0	0	0	0	0	0	0	0	0	0	0	0	0	0	0	0	0	0	0	0	0	0	0	0	0	0	0	0	0	0	0	0	0	0	0	0	0	0	0	0	0	0	0	0	0	0	0	0	0	0	0	0	0	0	0	0	0	0	0	0
genus	Main genome;Bacteria;Bacteria (superkingdom);FCB group;Bacteroidota;Bacteroidia;Flavobacteriales;Flavobacteriaceae;Croceibacter	Croceibacter	0	0	0	0	0	0	0	0	0	0	0	0	0	0	0	0	0	0	0	0	0	0	0	0	0	0	0	0	0	0	0	0	0	0	0	0	0	0	0	0	0	0	0	0	0	0	0	0	0	0	0	0	0	0	0	0	0	0	0	0	0	0	0	0	0	0	0	0	0	0	0	0	0	0	0	0	0	0	0	0	0	0	0	0	0	0	0	0	0	0	0	0	0	0	0	0	0	0	0	0	0	0	0	0	0	0	0	0	0	0	0	0	0	0	0	0	0	0	0	0	0	0	0	0	0	0	0	0	0	0	0	0	0	0	0	0	0	0	0	0	0	0	0	0	0	0	0	0	0
genus	Main genome;Bacteria;Bacteria (superkingdom);FCB group;Bacteroidota;Bacteroidia;Flavobacteriales;Crocinitomicaceae;Fluviicola	Fluviicola	176	353	299	444	213	373	212	0	0	0	0	0	0	0	564	788	1288	1427	889	1061	680	1033	4	24	0	0	0	1028	1831	1662	1641	1343	1747	2111	1674	0	89	0	0	0	0	593	1366	1157	0	0	3	15	35	0	0	107	0	118	0	0	149	0	2	0	399	0	394	189	291	0	11	454	405	582	287	645	0	0	0	0	0	221	283	177	167	391	639	0	0	12	63	0	0	152	377	8	118	114	87	0	0	9	12	0	0	0	825	163	27	0	0	0	0	75	30	0	0	167	3	0	279	133	186	298	1227	547	429	179	427	5	0	183	1397	0	351	21	0	0	30	0	169	0	0	522	0	0	103	0	282	19	202	0	3
genus	Main genome;Bacteria;Bacteria (superkingdom);FCB group;Bacteroidota;Bacteroidia;Flavobacteriales;Crocinitomicaceae;Crocinitomix	Crocinitomix	30	14	63	32	68	40	15	0	0	0	0	0	0	51	1	7	64	150	132	159	50	29	0	0	0	19	0	0	0	0	0	0	0	0	2	0	0	0	0	0	0	15	0	8	0	0	0	0	7	0	0	67	2	109	0	0	68	0	0	0	0	6	0	0	0	0	1	34	11	38	7	47	1	0	43	0	0	0	10	0	0	0	0	0	0	0	0	0	0	11	1	0	0	60	38	0	0	32	132	18	14	165	43	47	0	54	43	29	9	18	2	15	0	66	0	83	0	39	37	19	5	5	0	31	2	127	0	18	6	0	58	215	0	0	0	0	0	48	249	191	72	99	48	107	20	0	89	0	30
genus	Main genome;Bacteria;Bacteria (superkingdom);FCB group;Bacteroidota;Bacteroidia;Flavobacteriales;Crocinitomicaceae;Salinirepens	Salinirepens	0	0	0	0	44	0	0	0	0	0	0	0	0	0	4	392	97	53	25	97	32	112	0	0	110	134	1	0	0	0	0	0	0	0	6	0	0	0	0	0	0	0	0	0	0	0	0	0	0	0	0	2	0	0	0	0	0	0	0	0	0	7	43	0	1	0	0	1	0	0	0	0	0	0	0	0	0	115	198	151	123	177	239	0	0	0	2	0	0	0	0	0	0	0	19	0	0	8	54	0	0	10	6	0	0	10	3	0	17	40	2	0	1	12	0	51	0	6	34	6	438	388	172	88	191	0	0	0	0	0	134	114	0	41	0	0	52	0	14	0	29	0	51	0	0	0	0	0	8
genus	Main genome;Bacteria;Bacteria (superkingdom);FCB group;Bacteroidota;Bacteroidia;Flavobacteriales;Cryomorphaceae;Owenweeksia	Owenweeksia	0	0	0	0	0	0	0	0	0	0	0	0	0	0	4	30	8	0	4	0	0	0	0	0	0	0	0	0	0	0	0	0	0	0	0	0	0	0	0	0	0	0	0	0	0	0	0	0	0	0	0	0	0	0	0	0	0	0	0	0	0	0	0	0	0	0	0	0	0	0	0	0	0	0	0	0	0	0	0	0	1	0	5	0	0	0	0	0	0	0	0	0	0	6	3	0	0	0	0	0	0	0	3	0	0	0	11	0	0	0	0	0	0	199	0	13	33	85	10	42	0	0	0	0	0	1156	16	0	200	1	0	1	0	0	106	0	0	0	0	0	0	0	0	0	0	0	14	0	0
genus	Main genome;Bacteria;Bacteria (superkingdom);FCB group;Bacteroidota;Bacteroidia;Flavobacteriales;Cryomorphaceae;Vicingus	Vicingus	0	0	0	0	0	0	0	0	0	0	0	0	0	0	0	0	0	0	0	0	0	0	0	0	0	0	0	0	0	0	0	0	0	31	0	0	0	0	0	0	0	0	0	0	0	0	0	62	448	4167	975	2108	1155	871	1540	2417	2269	32	106	1492	337	37	0	408	5	47	656	0	0	1	0	0	0	0	0	0	0	0	0	1	0	0	0	0	0	0	0	0	0	0	0	0	0	0	0	0	0	0	0	0	0	0	0	0	0	0	0	0	0	0	0	0	0	0	0	27	0	0	0	0	0	0	0	0	0	0	193	701	3	0	0	10	0	0	0	0	0	0	0	0	0	0	0	0	0	0	0	0	0
genus	Main genome;Bacteria;Bacteria (superkingdom);FCB group;Bacteroidota;Bacteroidia;Flavobacteriales;Cryomorphaceae;Luteibaculum	Luteibaculum	0	0	0	0	0	0	0	0	0	0	0	0	0	0	0	0	0	0	0	0	0	0	0	0	0	0	0	0	0	0	0	0	0	0	0	0	0	0	0	0	0	0	0	0	0	0	0	27	0	0	76	12	0	0	0	0	0	1	0	0	0	0	0	0	0	0	0	0	0	0	0	0	0	0	0	0	0	0	0	0	0	0	0	0	0	0	0	0	0	0	0	0	0	0	0	0	0	0	0	0	0	0	0	0	0	0	0	0	0	0	0	0	0	0	0	0	0	0	0	0	0	0	0	0	0	0	0	0	0	0	0	0	0	0	0	0	0	0	0	0	0	0	0	0	0	0	0	0	0
genus	Main genome;Bacteria;Bacteria (superkingdom);FCB group;Bacteroidota;Bacteroidia;Flavobacteriales;Cryomorphaceae;Phaeocystidibacter	Phaeocystidibacter	0	0	28	0	0	0	0	0	0	0	0	0	0	0	0	0	0	0	0	0	0	0	0	0	0	0	0	0	0	0	0	0	0	0	0	0	0	0	0	0	0	0	0	0	0	0	0	0	0	0	0	0	0	0	0	0	0	0	0	0	0	0	0	0	0	0	0	0	0	14	0	0	0	0	0	0	0	0	0	0	0	0	0	0	0	0	0	0	0	0	0	0	0	0	3	0	0	0	5	0	0	4	2	0	1	11	0	0	0	32	0	0	0	0	0	29	0	0	0	0	57	0	0	0	0	138	0	0	0	0	0	0	0	0	0	0	0	0	2	0	8	0	72	0	0	0	0	0	0
genus	Main genome;Bacteria;Bacteria (superkingdom);FCB group;Bacteroidota;Bacteroidia;Flavobacteriales;Cryomorphaceae;NS10 marine group	NS10 marine group	0	69	3	17	5	12	1	13	0	0	0	0	0	2	45	160	21	75	24	7	63	34	0	0	0	0	0	24	11	20	20	80	22	31	70	0	0	0	0	0	0	330	352	404	1	66	0	4	25	0	0	150	0	180	44	2	10	27	17	6	0	6	29	0	0	0	7	40	12	67	44	79	0	9	0	0	11	297	589	407	324	541	699	32	20	14	0	0	28	62	70	0	0	7	14	0	0	253	403	0	3	1	0	0	0	1	0	6	0	3	0	0	0	0	0	0	0	0	0	138	620	1302	565	570	771	0	0	0	121	0	0	171	51	253	39	6	188	0	0	0	2	19	1	0	138	0	30	0	232
genus	Main genome;Bacteria;Bacteria (superkingdom);FCB group;Bacteroidota;Bacteroidia;Flavobacteriales;Cryomorphaceae;Cryomorpha	Cryomorpha	0	0	0	0	0	0	0	0	0	0	0	0	0	0	0	0	0	0	0	0	0	0	0	0	0	0	0	0	0	0	0	0	0	0	0	0	0	0	0	0	0	0	0	0	0	0	0	111	0	0	0	9	0	0	0	0	0	0	0	0	0	2	0	0	0	0	0	0	0	0	0	2	0	0	0	0	0	0	0	0	0	0	0	0	0	0	0	0	0	0	0	0	0	0	53	0	0	24	29	0	0	0	1	0	0	0	0	0	0	2	3	0	0	0	0	4	0	13	64	0	0	0	3	0	0	7	0	0	0	0	0	0	0	0	0	0	0	0	0	0	8	0	10	0	0	0	0	0	20
genus	Main genome;Bacteria;Bacteria (superkingdom);FCB group;Bacteroidota;Bacteroidia;Flavobacteriales;Schleiferiaceae;Schleiferia	Schleiferia	0	0	0	0	0	0	0	0	0	0	0	0	0	0	0	0	0	0	0	0	0	0	0	0	0	0	0	0	0	0	0	0	0	0	0	0	0	0	0	0	0	0	0	0	0	0	0	0	0	0	60	0	0	0	0	0	0	0	0	0	0	0	0	0	0	0	0	0	0	0	0	0	0	0	0	0	0	0	0	0	0	0	0	0	0	0	0	0	0	0	0	0	0	0	0	0	0	0	0	0	0	0	0	0	0	0	0	0	0	22	16	1	0	1	0	56	0	8	233	0	0	0	0	0	0	0	0	0	0	0	0	0	0	0	0	0	0	0	0	0	0	0	49	7	0	0	0	0	0
genus	Main genome;Bacteria;Bacteria (superkingdom);FCB group;Bacteroidota;Bacteroidia;Cytophagales;Cyclobacteriaceae;Algoriphagus	Algoriphagus	0	0	0	0	0	0	0	0	0	0	0	0	0	0	0	0	0	0	0	0	0	0	0	0	0	0	0	0	0	0	0	0	0	0	0	0	0	0	0	0	0	0	0	0	0	0	0	0	0	0	0	0	0	0	0	0	0	0	0	0	0	0	0	0	0	0	0	0	0	0	0	0	0	0	0	0	0	0	0	47	0	0	62	0	0	0	0	0	0	0	0	0	0	0	0	0	0	0	0	0	0	0	0	0	0	0	0	0	0	0	0	0	0	0	0	0	0	0	12	0	0	198	0	0	0	0	0	0	0	0	115	0	0	25	0	0	0	0	0	0	0	0	0	0	0	0	0	0	0
genus	Main genome;Bacteria;Bacteria (superkingdom);FCB group;Bacteroidota;Bacteroidia;Cytophagales;Cyclobacteriaceae;Reichenbachiella	Reichenbachiella	0	0	2	0	0	0	0	0	0	0	0	4	0	0	0	137	19	0	13	9	0	2	39	58	67	66	9	0	0	0	0	0	0	0	0	0	0	0	0	0	0	0	0	0	0	0	0	0	0	0	0	0	0	0	0	0	0	0	0	0	0	0	0	0	0	0	0	0	0	0	0	0	0	20	2	0	57	0	0	0	0	0	0	0	0	0	0	14	0	0	0	2	0	0	0	0	1	6	0	0	12	6	3	0	2	9	0	46	34	0	1	6	11	0	0	0	0	0	3	3	0	0	0	0	0	0	0	0	0	18	10	0	15	0	0	0	0	1	26	1	14	163	0	34	0	2	0	0	2
genus	Main genome;Bacteria;Bacteria (superkingdom);FCB group;Bacteroidota;Bacteroidia;Cytophagales;Cyclobacteriaceae;Cyclobacterium	Cyclobacterium	0	0	0	0	0	0	0	0	0	0	0	0	0	0	40	0	0	33	0	1	50	0	0	0	0	0	0	0	0	0	0	0	0	0	0	0	0	0	0	0	0	0	0	0	0	0	0	0	0	0	0	0	0	0	0	0	0	0	0	0	0	0	0	0	0	0	0	0	0	0	0	0	0	0	0	0	0	0	0	0	0	0	0	0	0	0	0	0	0	0	0	0	0	0	0	0	0	0	0	0	0	0	0	0	0	0	0	0	0	0	0	0	0	0	0	0	0	0	0	0	0	0	0	0	0	0	0	0	0	0	0	0	0	0	0	0	0	0	0	0	0	0	0	0	0	0	0	0	0
genus	Main genome;Bacteria;Bacteria (superkingdom);FCB group;Bacteroidota;Bacteroidia;Cytophagales;Cyclobacteriaceae;Fulvivirga	Fulvivirga	0	0	1	0	0	0	0	0	0	0	0	0	0	0	0	0	0	0	0	0	0	0	0	0	0	0	0	0	0	0	0	0	0	0	0	0	0	0	0	0	0	0	0	0	0	0	0	0	0	0	0	0	67	0	0	0	0	0	0	0	0	0	0	0	0	0	0	0	0	0	0	0	0	0	0	0	0	0	0	0	0	0	1	0	0	0	0	0	0	0	0	0	62	0	0	0	0	0	0	0	0	0	0	4	1	0	0	0	0	3	0	0	0	0	0	398	0	0	0	0	0	0	0	0	0	0	0	101	0	0	423	0	0	0	0	0	0	0	0	17	0	0	1	0	0	0	0	0	0
genus	Main genome;Bacteria;Bacteria (superkingdom);FCB group;Bacteroidota;Bacteroidia;Cytophagales;Cyclobacteriaceae;Ekhidna	Ekhidna	0	0	0	0	0	0	0	0	0	0	0	0	0	1	177	0	0	0	0	0	0	0	0	29	1	0	0	0	0	0	0	0	0	0	0	0	0	0	0	0	0	0	0	0	0	0	0	0	0	0	0	0	0	0	0	0	0	0	0	0	0	0	0	0	0	0	0	0	0	0	0	0	1	0	0	0	3	0	0	0	0	0	0	0	0	0	0	0	0	0	0	0	1	0	22	0	0	1	0	0	3	9	0	19	1	7	0	5	3	2	10	1	6	0	0	0	0	0	0	0	0	0	0	0	0	0	0	0	3	0	0	0	0	0	0	0	0	1	20	112	8	27	8	2	0	0	0	0	0
genus	Main genome;Bacteria;Bacteria (superkingdom);FCB group;Bacteroidota;Bacteroidia;Cytophagales;Cyclobacteriaceae;Marinoscillum	Marinoscillum	1536	1544	2541	3662	3514	3968	3872	1290	299	424	1096	1834	562	4118	2077	1779	1180	1426	1540	1606	1275	1157	35	88	165	65	662	129	152	122	208	146	69	236	240	66	200	57	3	2	18	1746	2846	1775	915	357	990	153	3288	856	490	2075	2254	1520	3045	4485	5291	119	535	560	21	235	454	296	1272	275	1905	3791	4000	2819	5789	7462	2597	3695	6807	4034	5691	1808	1909	1272	1169	1580	2549	4353	2149	3307	4531	6329	2954	1948	3120	2457	3233	4245	2603	4187	2938	3233	3617	1192	1309	2610	2006	1241	472	1513	2594	431	140	510	433	479	351	265	746	254	910	213	1771	7260	5907	3304	3243	5406	2914	2097	880	1583	2647	565	1531	4145	8265	7955	5328	6013	2323	4404	4890	4241	2488	1584	857	1748	3554	9415	7380	14955	2673
genus	Main genome;Bacteria;Bacteria (superkingdom);FCB group;Bacteroidota;Bacteroidia;Cytophagales;Amoebophilaceae;Candidatus Amoebophilus	Candidatus Amoebophilus	0	0	0	0	0	0	0	0	0	0	0	0	0	0	0	0	0	0	0	0	0	0	0	0	0	0	0	0	0	0	0	0	0	0	0	0	0	0	0	0	0	0	0	0	0	0	0	0	0	0	0	0	0	0	0	0	0	0	0	0	0	0	0	0	0	0	0	0	0	0	0	0	0	0	0	0	0	0	0	0	0	0	0	0	0	0	0	0	0	0	0	0	0	48	0	0	0	0	0	0	0	0	0	0	0	0	0	0	0	0	0	0	0	0	0	0	0	0	0	0	0	0	0	0	0	0	0	0	0	0	0	0	0	0	0	0	0	0	0	0	0	0	0	0	0	0	81	0	0
genus	Main genome;Bacteria;Bacteria (superkingdom);FCB group;Bacteroidota;Bacteroidia;Cytophagales;Hymenobacteraceae;Hymenobacter	Hymenobacter	0	0	0	0	0	0	0	0	0	0	0	0	0	0	0	0	0	0	0	0	0	0	0	0	0	0	0	0	0	0	0	0	0	0	0	0	0	0	0	0	0	0	0	0	0	0	0	0	0	0	0	0	0	0	0	0	0	23	0	0	0	0	0	0	0	0	0	0	0	0	0	0	0	0	0	0	0	0	0	0	0	0	0	0	0	0	0	0	0	0	0	0	0	0	0	0	0	0	0	0	0	0	0	0	0	0	0	0	0	0	0	0	0	0	0	0	0	0	0	0	0	0	0	0	0	0	0	0	0	0	0	0	0	0	0	0	0	0	0	0	0	0	0	0	0	0	0	0	0
genus	Main genome;Bacteria;Bacteria (superkingdom);FCB group;Bacteroidota;Bacteroidia;Cytophagales;Hymenobacteraceae;Pontibacter	Pontibacter	0	0	0	0	0	0	0	0	0	0	0	0	0	0	0	0	0	0	0	0	0	0	0	0	0	0	0	0	0	0	0	0	0	0	0	0	0	0	0	0	0	0	0	0	0	0	0	0	0	0	0	0	0	0	0	0	0	0	0	0	0	0	0	0	0	0	0	0	0	0	0	0	0	0	0	0	0	0	0	0	0	0	0	0	0	0	0	0	0	0	0	0	0	0	0	0	0	0	0	0	0	0	0	0	0	0	0	0	20	0	0	0	0	0	0	0	0	0	0	0	0	0	0	0	0	0	0	0	0	2	164	0	0	0	0	0	0	0	0	0	0	0	0	0	0	0	0	0	0
genus	Main genome;Bacteria;Bacteria (superkingdom);FCB group;Bacteroidota;Bacteroidia;Cytophagales;Spirosomaceae;Dyadobacter	Dyadobacter	0	0	0	0	0	0	0	0	0	0	0	0	0	0	0	0	0	0	0	0	0	0	0	0	0	0	0	0	0	0	0	0	0	0	0	0	0	0	0	0	0	0	0	0	0	2	48	0	0	0	0	0	0	0	0	0	0	0	0	0	0	0	0	0	0	0	0	0	0	0	0	0	0	0	0	0	0	0	0	0	0	0	0	0	0	0	0	0	0	0	0	0	0	0	0	0	0	0	0	0	0	0	0	0	0	0	0	0	0	0	0	0	0	0	0	0	0	0	0	0	0	0	0	0	0	0	0	0	0	0	0	0	0	0	0	0	0	0	0	0	0	0	0	0	0	0	0	0	0
genus	Main genome;Bacteria;Bacteria (superkingdom);FCB group;Bacteroidota;Bacteroidia;Cytophagales;Spirosomaceae;Taeseokella	Taeseokella	0	0	0	0	0	0	0	0	0	0	0	0	0	0	0	0	0	0	0	0	0	0	0	0	0	0	0	0	0	0	0	0	0	0	0	0	0	0	0	0	0	0	0	0	0	0	0	56	0	0	26	73	0	0	4	4	0	0	0	0	0	0	0	0	0	0	0	0	0	0	0	0	0	0	0	0	0	0	0	0	0	0	0	0	0	0	0	0	0	0	0	0	0	0	0	0	0	0	0	0	0	0	0	0	0	0	0	0	0	0	0	0	0	0	0	0	0	0	0	0	0	0	0	0	0	0	0	0	0	0	0	0	0	0	0	0	0	0	0	0	0	0	0	0	0	0	0	0	0
genus	Main genome;Bacteria;Bacteria (superkingdom);FCB group;Bacteroidota;Bacteroidia;Bacteroidales;Bacteroidaceae;Bacteroides	Bacteroides	0	0	0	0	0	0	0	0	0	0	0	0	0	0	145	0	30	46	14	78	6	71	0	0	0	0	0	0	0	0	0	0	0	0	4	0	0	0	0	0	0	0	0	0	0	0	0	0	0	0	0	0	0	0	0	0	0	0	0	0	0	0	0	0	0	0	0	0	0	0	0	0	0	0	0	0	0	0	0	0	0	0	0	0	0	0	0	0	0	0	0	0	0	0	0	0	0	0	0	0	0	0	0	0	0	0	0	0	0	0	0	0	0	0	0	0	0	0	0	0	0	0	0	0	0	0	0	0	0	0	0	0	0	0	0	0	0	0	0	0	0	0	0	0	0	0	0	0	0
genus	Main genome;Bacteria;Bacteria (superkingdom);FCB group;Bacteroidota;Bacteroidia;Bacteroidales;Prevotellaceae;Prevotella	Prevotella	0	0	0	0	0	0	0	0	0	0	0	0	0	0	0	0	0	0	0	0	0	0	0	0	0	0	0	0	0	0	0	0	0	0	0	0	0	0	0	0	0	0	0	0	0	0	0	0	0	0	0	0	0	0	0	0	0	24	0	0	0	0	0	0	0	0	0	0	48	0	0	0	0	0	0	0	0	0	0	0	0	0	0	0	0	0	0	0	0	0	0	0	0	0	0	0	0	0	0	0	0	0	0	0	0	0	0	0	0	0	0	0	0	0	0	0	0	0	0	0	0	0	0	0	0	0	0	0	0	0	0	0	0	0	0	0	0	0	0	0	0	0	0	0	0	0	0	0	0
genus	Main genome;Bacteria;Bacteria (superkingdom);FCB group;Bacteroidota;Bacteroidia;Bacteroidales;Prevotellaceae;Alloprevotella	Alloprevotella	0	0	0	0	0	0	0	0	0	0	0	0	0	0	0	0	0	0	0	0	0	0	0	0	0	0	0	0	0	0	0	0	0	0	0	0	0	0	0	0	0	0	0	0	0	0	0	0	0	0	0	0	0	0	0	0	0	227	0	0	0	1	0	0	0	0	0	0	0	0	0	0	0	0	0	0	0	0	0	0	0	0	0	0	0	0	0	0	0	0	0	0	0	0	0	0	0	0	0	0	0	0	0	0	0	0	0	0	0	0	0	0	0	0	0	0	0	0	0	0	0	0	0	0	0	0	0	0	0	0	0	0	0	0	0	0	0	0	0	0	0	0	0	0	0	0	0	0	0
genus	Main genome;Bacteria;Bacteria (superkingdom);FCB group;Bacteroidota;Bacteroidia;Bacteroidales;Marinifilaceae;Marinifilum	Marinifilum	0	0	0	0	0	0	0	0	0	0	0	0	0	0	0	0	0	0	0	0	0	0	0	0	0	0	0	0	0	0	0	0	0	0	0	0	0	0	0	0	0	0	0	0	0	0	0	18	0	0	0	0	0	0	0	0	0	0	0	0	0	0	0	0	0	0	0	0	0	0	0	0	0	0	0	0	0	0	0	0	0	40	0	0	0	0	0	0	0	0	0	0	0	0	0	0	0	0	0	0	0	0	0	0	0	0	0	0	0	0	0	0	0	0	0	0	0	0	0	0	0	0	0	0	0	0	0	0	0	0	0	0	0	0	0	0	0	0	0	0	0	0	0	0	0	0	0	0	0
genus	Main genome;Bacteria;Bacteria (superkingdom);FCB group;Bacteroidota;Bacteroidia;Bacteroidales;Prolixibacteraceae;Tangfeifania	Tangfeifania	0	0	0	0	0	0	0	0	0	0	0	0	0	0	0	0	0	0	0	0	72	35	0	0	0	0	0	0	0	0	0	0	0	0	0	0	0	0	0	0	0	0	0	0	0	0	0	0	0	0	0	0	0	0	0	0	0	0	0	0	0	0	0	0	0	0	0	0	0	0	0	0	0	0	0	0	0	0	0	0	0	0	0	0	0	0	0	0	0	0	0	0	0	0	0	0	0	0	0	0	0	0	0	0	0	0	0	0	0	0	0	0	0	0	0	0	0	0	0	0	0	0	0	0	0	0	0	0	0	0	0	0	0	0	0	0	0	0	0	0	0	0	0	0	0	0	0	0	0
genus	Main genome;Bacteria;Bacteria (superkingdom);FCB group;Bacteroidota;Bacteroidia;Bacteroidales;Prolixibacteraceae;Roseimarinus	Roseimarinus	0	0	0	0	0	0	0	0	0	0	0	0	0	0	0	117	15	0	12	4	0	23	0	0	0	0	0	0	0	0	0	0	0	0	0	0	0	0	0	0	0	0	0	0	0	0	0	0	0	0	0	0	0	0	0	0	0	0	0	0	0	0	0	0	0	0	0	0	0	0	0	0	0	0	0	0	0	0	0	0	0	0	0	0	0	0	0	0	0	0	0	0	0	0	0	0	0	0	0	0	0	0	0	0	0	0	0	0	0	0	0	0	0	0	0	0	0	0	0	0	0	0	0	0	0	0	0	0	0	0	0	0	0	0	0	0	0	0	0	0	0	0	0	0	0	0	0	0	0
genus	Main genome;Bacteria;Bacteria (superkingdom);FCB group;Bacteroidota;Bacteroidia;Bacteroidales;Porphyromonadaceae;Porphyromonas	Porphyromonas	0	0	0	0	0	0	0	0	0	0	0	0	0	0	0	0	0	0	0	0	0	0	0	0	0	0	0	0	0	0	0	0	0	0	0	0	0	0	0	0	0	0	0	0	0	0	0	0	0	0	0	0	0	0	0	0	0	61	0	0	0	0	0	0	0	0	0	0	0	0	0	0	0	0	0	0	0	0	0	0	0	0	0	0	0	0	0	0	0	0	0	0	0	0	0	0	0	0	0	0	0	0	0	0	0	0	0	0	0	0	0	0	0	0	0	0	0	0	0	0	0	0	0	0	0	0	0	0	0	0	0	0	0	0	0	0	0	0	0	0	0	0	0	0	0	0	0	0	0
genus	Main genome;Bacteria;Bacteria (superkingdom);FCB group;Bacteroidota;Bacteroidia;Bacteroidales;Rikenellaceae;Alistipes	Alistipes	0	0	0	0	0	0	0	0	0	0	0	0	0	0	0	97	18	0	1	0	0	0	0	0	0	0	0	0	0	0	0	0	0	0	0	0	0	0	0	0	0	0	0	0	0	0	0	0	0	0	0	0	0	0	0	0	0	0	0	0	0	0	0	0	0	0	0	0	0	0	0	0	0	0	0	0	0	0	0	0	0	0	0	0	0	0	0	0	0	0	0	0	0	0	0	0	0	0	0	0	0	0	0	0	0	0	0	0	0	0	0	0	0	0	0	0	0	0	0	0	0	0	0	0	0	0	0	0	221	0	0	0	0	0	0	0	0	0	0	0	0	0	0	0	0	0	0	0	0
genus	Main genome;Bacteria;Bacteria (superkingdom);FCB group;Bacteroidota;Bacteroidia;Bacteroidales;Rikenellaceae;Rikenella	Rikenella	0	0	0	0	0	0	0	0	0	0	0	0	0	0	0	0	49	0	0	0	0	0	0	0	0	0	0	0	0	0	0	0	0	0	0	0	0	0	0	0	0	0	0	0	0	0	0	0	0	0	0	0	0	0	0	0	0	0	0	0	0	0	0	0	0	0	0	0	0	0	0	0	0	0	0	0	0	0	0	0	0	0	0	0	0	0	0	0	0	0	0	0	0	0	0	0	0	0	0	0	0	0	0	0	0	0	0	0	0	0	0	0	0	0	0	0	0	0	0	0	0	0	0	0	0	0	0	0	0	0	0	0	0	0	0	0	0	0	0	0	0	0	0	0	0	0	0	0	0
genus	Main genome;Bacteria;Bacteria (superkingdom);FCB group;Bacteroidota;Bacteroidia;Bacteroidales;Tannerellaceae;Parabacteroides	Parabacteroides	0	0	0	0	0	0	0	0	0	0	0	0	0	0	0	0	46	0	0	0	0	0	0	0	0	0	0	0	0	0	0	0	0	0	0	0	0	0	0	0	0	0	0	0	0	0	0	0	0	0	0	0	0	0	0	0	0	0	0	0	0	0	0	0	0	0	0	0	0	0	0	0	0	0	0	0	0	0	0	0	0	0	0	0	0	0	0	0	0	0	0	0	0	0	0	0	0	0	0	0	0	0	0	0	0	0	0	0	0	0	0	0	0	0	0	0	0	0	0	0	0	0	0	0	0	0	0	0	0	0	0	0	0	0	0	0	0	0	0	0	0	0	0	0	0	0	0	0	0
genus	Main genome;Bacteria;Bacteria (superkingdom);FCB group;Bacteroidota;Bacteroidia;Bacteroidales;Tannerellaceae;Macellibacteroides	Macellibacteroides	0	0	0	0	0	0	0	0	0	0	0	0	0	0	0	0	0	0	0	0	0	0	0	0	0	0	0	0	0	0	0	0	0	0	0	0	0	0	0	0	0	0	0	0	0	0	0	0	0	0	0	0	0	0	0	0	0	0	0	0	0	0	0	0	0	0	0	0	0	0	0	0	0	0	0	0	0	0	0	0	0	0	0	0	0	0	0	0	0	0	0	0	0	0	0	0	0	0	0	0	0	0	0	0	0	0	0	0	0	0	0	0	0	0	0	0	0	0	0	0	94	0	0	0	0	0	0	0	0	0	0	0	0	0	0	0	0	0	0	0	0	0	0	0	0	0	0	0	0
genus	Main genome;Bacteria;Bacteria (superkingdom);FCB group;Bacteroidota;Bacteroidia;Bacteroidales;Marinilabiliaceae;Labilibacter	Labilibacter	0	0	0	0	0	0	0	0	0	0	0	0	0	0	0	0	13	23	1	0	0	84	0	0	0	0	0	0	0	0	0	0	0	0	0	0	0	0	0	0	0	0	0	0	0	0	0	0	0	0	0	0	0	0	0	0	0	0	0	0	0	0	0	0	0	0	0	0	0	0	0	0	0	0	0	0	0	0	0	0	0	0	0	0	0	0	0	0	0	0	0	0	0	0	0	0	0	0	0	0	0	0	0	0	0	0	0	0	0	0	0	0	0	0	0	0	0	0	0	0	0	0	0	0	0	0	0	0	0	0	0	0	0	0	0	0	0	0	0	0	0	0	0	0	0	0	0	0	0
genus	Main genome;Bacteria;Bacteria (superkingdom);FCB group;Bacteroidota;Bacteroidia;Sphingobacteriales;Sphingobacteriaceae;Pedobacter	Pedobacter	0	0	0	0	0	0	0	0	0	0	0	0	0	0	0	0	0	0	0	0	0	0	0	0	0	0	0	0	0	0	0	0	0	0	0	0	0	0	0	0	0	0	0	0	0	0	0	0	0	0	0	0	0	0	0	0	0	0	0	0	0	0	0	0	0	0	0	0	0	0	0	0	0	0	0	0	0	0	0	0	0	0	0	0	48	25	0	0	0	0	0	0	0	0	0	0	0	0	0	0	0	0	0	0	0	0	0	0	0	0	0	0	0	0	0	0	0	0	0	0	0	0	0	0	0	0	0	0	0	0	0	0	0	0	0	0	0	0	0	0	0	0	0	0	0	0	0	0	0
genus	Main genome;Bacteria;Bacteria (superkingdom);FCB group;Bacteroidota;Bacteroidia;Sphingobacteriales;Sphingobacteriaceae;Sphingobacterium	Sphingobacterium	0	0	0	0	0	0	0	0	0	39	0	0	0	0	0	0	0	0	0	0	0	0	0	0	0	0	0	0	0	0	10	0	0	0	0	0	0	0	0	0	0	0	0	0	0	0	0	0	0	0	0	0	0	0	0	0	0	0	0	0	0	0	0	0	0	0	0	0	0	0	0	0	0	0	0	0	0	0	0	0	0	0	0	0	0	2	0	0	0	0	0	0	0	0	0	0	0	0	0	0	0	0	0	0	0	0	0	0	1	0	0	0	0	0	0	0	0	0	0	0	0	0	0	0	0	0	0	0	0	0	0	0	0	0	0	0	0	0	0	0	0	0	0	0	0	0	0	0	0
genus	Main genome;Bacteria;Bacteria (superkingdom);FCB group;Bacteroidota;Bacteroidia;Chitinophagales;Chitinophagaceae;Sediminibacterium	Sediminibacterium	0	0	0	0	0	0	0	0	0	0	0	0	0	0	0	0	0	0	0	0	0	0	0	0	0	0	0	0	0	0	0	0	0	0	0	0	0	0	0	0	0	0	0	0	0	0	0	0	0	0	0	0	0	0	0	0	0	0	0	0	1	0	0	0	0	0	0	0	0	0	0	0	0	0	0	0	0	0	0	0	0	0	0	0	0	0	0	0	0	0	0	0	0	0	0	0	0	0	0	0	0	0	0	0	0	0	0	0	0	0	0	0	0	0	0	0	0	0	0	0	0	0	0	0	0	0	0	0	0	0	0	218	0	0	0	0	0	0	0	0	0	0	0	0	0	0	0	0	0
genus	Main genome;Bacteria;Bacteria (superkingdom);FCB group;Bacteroidota;Bacteroidia;Chitinophagales;Chitinophagaceae;Edaphobaculum	Edaphobaculum	0	0	0	0	0	0	0	0	0	0	0	0	0	0	0	0	0	0	0	13	80	0	0	0	0	29	0	0	0	0	0	0	0	0	0	0	0	0	0	0	0	0	0	0	0	0	0	0	0	0	0	0	0	0	0	0	0	0	0	0	0	0	0	0	0	0	0	0	0	0	0	0	0	0	0	0	0	0	0	0	0	0	0	0	0	0	0	0	0	0	0	0	0	0	0	0	0	0	0	0	0	0	0	0	0	0	0	0	0	0	0	0	0	0	0	0	0	0	0	0	0	0	0	0	0	0	0	0	0	0	0	0	0	0	0	0	0	0	0	0	0	0	0	0	0	0	0	0	0
genus	Main genome;Bacteria;Bacteria (superkingdom);FCB group;Bacteroidota;Bacteroidia;Chitinophagales;Saprospiraceae;Lewinella	Lewinella	0	0	0	0	0	0	0	0	0	0	0	0	0	0	0	47	33	37	0	2	90	348	0	5	0	0	0	0	0	0	0	0	0	0	0	0	0	0	0	0	0	0	0	0	0	0	0	1359	0	0	0	16	0	0	0	0	0	62	0	0	31	35	0	0	0	0	0	0	0	0	0	0	0	0	0	0	0	0	0	0	0	0	0	0	0	0	0	0	0	0	0	0	0	0	0	0	0	0	0	0	0	0	0	0	0	0	0	0	0	0	0	0	0	0	0	0	0	0	0	0	0	0	0	0	0	0	0	0	0	0	0	0	0	0	0	0	0	0	0	0	0	0	0	0	0	0	0	0	0
genus	Main genome;Bacteria;Bacteria (superkingdom);FCB group;Bacteroidota;Bacteroidia;Chitinophagales;Saprospiraceae;Saprospira	Saprospira	0	1	1	21	0	55	3	0	0	0	0	0	0	0	0	0	0	1	0	0	0	0	0	0	0	0	0	0	0	0	0	0	0	0	0	0	0	0	0	0	0	0	0	0	0	0	0	0	0	0	0	0	0	0	0	0	0	0	0	0	0	0	15	0	0	0	0	3	48	0	0	0	0	0	0	0	0	27	0	0	0	0	0	0	0	0	0	3	0	0	15	0	0	32	0	0	0	0	11	0	0	35	34	0	0	0	0	0	0	0	2	0	0	6	0	31	0	0	15	0	0	100	0	6	0	0	0	0	0	0	0	0	0	0	0	0	0	0	45	0	0	0	4	0	0	0	39	0	0
genus	Main genome;Bacteria;Bacteria (superkingdom);FCB group;Bacteroidota;Bacteroidia;Chitinophagales;Saprospiraceae;Aureispira	Aureispira	14	26	150	12	39	15	22	0	0	18	2	0	0	0	0	0	0	0	0	0	0	0	0	0	0	0	0	0	0	0	0	0	0	0	0	0	0	0	0	0	0	0	0	0	0	0	0	0	0	0	0	0	0	0	105	0	0	0	2	0	0	0	637	137	0	0	0	14	8	30	44	74	0	0	0	0	0	250	426	138	244	156	431	2	0	0	0	0	0	6	9	0	0	0	0	0	0	4	62	0	0	9	9	0	0	1	0	0	0	32	11	0	4	159	4	344	21	154	246	757	2106	718	247	375	393	0	0	0	0	0	383	9	0	0	0	0	4	0	22	0	2	0	75	0	16	0	0	0	1
genus	Main genome;Bacteria;Bacteria (superkingdom);FCB group;Bacteroidota;Bacteroidia;Chitinophagales;Saprospiraceae;Phaeodactylibacter	Phaeodactylibacter	0	0	0	0	0	0	0	0	0	0	0	0	0	0	0	0	0	0	0	0	0	0	0	0	0	0	0	0	0	0	0	0	0	0	0	0	0	0	0	0	0	0	0	0	0	0	0	0	0	0	0	0	0	0	0	0	0	0	0	0	0	0	0	0	0	0	0	0	0	0	0	11	0	0	0	0	0	0	0	0	0	0	0	0	0	0	0	0	0	0	0	19	0	0	0	0	0	0	0	0	0	0	0	0	0	0	0	0	0	0	0	0	0	0	0	0	0	0	0	0	0	0	0	0	0	0	0	0	0	0	0	0	0	0	0	0	0	0	0	0	0	0	0	0	0	102	0	0	0
genus	Main genome;Bacteria;Bacteria (superkingdom);FCB group;Bacteroidota;Bacteroidia;Chitinophagales;Saprospiraceae;Rubidimonas	Rubidimonas	0	0	0	0	0	0	0	0	0	0	0	0	0	0	0	0	0	0	0	81	0	0	0	0	0	0	0	0	0	0	0	0	0	0	4	0	0	0	0	0	0	0	0	0	0	0	0	0	0	0	0	0	0	0	0	0	0	0	0	0	0	0	0	0	0	0	0	0	0	0	0	0	0	0	0	0	0	0	0	0	0	0	0	0	0	0	0	0	0	0	0	0	0	0	0	0	0	0	0	0	0	0	0	0	0	0	0	0	0	0	0	0	0	0	0	0	0	0	0	0	0	0	0	0	0	0	0	0	0	0	0	0	0	0	0	0	0	0	0	0	0	0	0	0	0	0	0	0	0
genus	Main genome;Bacteria;Bacteria (superkingdom);FCB group;Bacteroidota;Rhodothermia;Balneolales;Balneolaceae;Gracilimonas	Gracilimonas	0	0	0	0	0	0	0	0	0	0	0	0	0	0	0	0	0	0	0	0	0	0	0	0	0	0	0	0	0	0	0	0	0	0	0	0	0	0	0	0	0	0	0	0	0	0	0	0	0	0	0	0	0	0	0	0	0	0	0	0	0	0	0	0	0	0	0	0	0	0	0	0	0	0	0	0	0	0	0	0	0	0	0	0	0	0	0	0	0	0	0	0	0	0	0	0	0	0	0	0	0	89	4	16	1	9	49	9	19	123	98	150	205	0	0	0	0	0	0	0	0	0	0	0	0	0	0	0	0	0	0	0	0	0	0	0	0	0	121	94	25	28	250	788	0	0	0	0	0
genus	Main genome;Bacteria;Bacteria (superkingdom);FCB group;Bacteroidota;Rhodothermia;Balneolales;Balneolaceae;Balneola	Balneola	3	0	33	77	49	1	17	83	0	166	6	0	153	2	0	0	5	0	0	0	7	0	0	0	0	0	0	0	0	0	0	0	0	0	0	0	0	0	0	0	0	0	0	0	0	0	0	0	0	0	0	0	0	0	0	0	0	0	0	0	0	0	0	0	0	0	0	90	92	140	7	135	7	0	77	4	45	0	0	0	1	0	0	0	0	138	0	0	1	4	70	8	0	30	26	3	0	30	0	0	0	0	0	0	0	0	0	0	5	0	0	0	0	0	0	0	0	0	0	0	0	0	0	0	4	0	0	0	0	0	0	0	0	0	0	186	0	0	1	1	0	2	0	1	0	27	36	20	20
genus	Main genome;Bacteria;Bacteria (superkingdom);FCB group;Bacteroidota;Kapabacteria class incertae sedis;Kapabacteria order incertae sedis;Kapabacteria family incertae sedis;Kapabacteria	Kapabacteria	0	0	0	0	0	0	0	0	0	0	0	0	0	0	0	0	0	0	0	0	0	0	0	0	0	0	0	0	0	0	0	0	0	0	0	0	0	0	0	0	0	0	0	0	0	0	0	0	0	0	0	0	0	0	0	0	0	0	0	0	0	0	0	0	0	0	0	0	0	0	0	0	0	0	0	0	0	0	0	0	0	0	0	0	0	0	0	0	0	0	0	0	0	0	0	0	0	0	0	0	0	0	0	0	0	0	0	0	0	0	0	0	0	0	0	0	0	0	0	0	0	0	0	0	0	0	0	0	0	0	0	0	0	0	0	0	0	0	0	0	0	0	0	0	0	0	0	0	0
genus	Main genome;Bacteria;Bacteria (superkingdom);Acidobacteria superphylum;Acidobacteriota;Acidobacteriae;Bryobacterales;Bryobacteraceae;Bryobacter	Bryobacter	0	0	0	0	0	0	0	0	0	0	0	0	0	0	0	0	0	0	0	0	0	0	0	0	0	0	0	0	0	0	0	0	0	0	0	0	0	0	0	0	0	0	0	0	0	0	0	0	0	0	0	0	0	0	0	0	0	0	0	0	0	0	0	0	0	0	0	0	0	0	0	0	0	0	0	0	0	0	0	0	0	0	0	0	0	0	0	0	0	0	0	0	0	0	0	0	0	0	0	0	0	0	0	0	0	0	0	0	0	0	0	0	0	0	0	0	0	0	0	0	0	0	0	0	0	0	0	0	0	0	124	0	0	0	0	0	0	0	0	0	0	1	0	0	0	0	0	0	0
genus	Main genome;Bacteria;Bacteria (superkingdom);Acidobacteria superphylum;Acidobacteriota;Holophagae;Acanthopleuribacterales;Acanthopleuribacteraceae;Acanthopleuribacter	Acanthopleuribacter	0	0	0	0	0	0	0	0	0	0	0	0	0	0	0	0	0	3	17	0	56	0	0	0	0	0	0	0	0	0	0	0	0	0	0	0	0	0	0	0	0	0	0	0	0	0	0	0	0	0	0	0	0	0	0	0	0	0	0	0	0	0	0	0	0	0	0	0	0	0	0	0	0	0	0	0	0	0	0	0	0	0	0	0	0	0	0	0	0	0	0	0	0	0	0	0	0	0	0	0	0	0	0	0	0	0	0	0	0	0	0	0	0	0	0	0	0	0	0	0	0	0	0	0	0	0	0	0	0	0	0	0	0	0	0	0	0	0	0	0	0	0	0	0	0	0	0	0	0
genus	Main genome;Bacteria;Bacteria (superkingdom);Acidobacteria superphylum;Acidobacteriota;Thermoanaerobaculia;Thermoanaerobaculales;Thermoanaerobaculaceae;Subgroup 10	Subgroup 10	0	0	0	0	0	0	0	0	0	0	0	0	0	0	0	0	0	0	0	0	1	0	0	0	0	0	0	0	0	0	0	0	0	0	0	0	0	0	0	0	0	0	0	0	0	0	0	0	0	0	0	0	0	0	0	0	0	0	0	0	0	0	17	210	0	0	0	0	0	0	0	0	0	0	0	0	0	4	6	10	4	0	0	0	0	0	0	0	0	0	0	0	0	0	0	0	0	0	0	0	0	2	0	0	0	0	0	0	0	0	0	0	0	0	0	0	0	1	0	105	0	0	0	0	0	0	0	0	0	0	0	0	0	0	0	0	0	0	0	0	0	0	0	0	0	0	0	0	0
genus	Main genome;Bacteria;Bacteria (superkingdom);PVC group (Planctobacteria);Verrucomicrobiota;Verrucomicrobiae;Opitutales;Puniceicoccaceae;MB11C04 marine group	MB11C04 marine group	1262	1696	2193	2116	1993	2387	2358	27	0	0	75	0	3	0	245	553	333	301	758	222	1298	150	10	16	97	21	75	1120	1302	1663	1310	1692	1563	1624	1209	40	206	61	7	0	7	406	627	361	6	24	1	2	4	0	0	56	272	0	209	2	0	0	1	9	56	0	12	0	48	0	0	1948	1984	1185	1559	2132	4	6	0	21	81	926	1500	1045	907	907	2470	0	0	7	56	0	0	1392	2259	0	1	1075	1180	74	0	761	1047	35	0	1208	1431	113	28	1270	936	58	0	637	1152	0	6	580	1124	977	1242	485	518	1793	2131	1648	1557	1093	1747	169	287	0	655	74	0	0	0	339	2	95	657	136	2306	366	2247	199	1164	2	2480	0	1838	270	792
genus	Main genome;Bacteria;Bacteria (superkingdom);PVC group (Planctobacteria);Verrucomicrobiota;Verrucomicrobiae;Opitutales;Puniceicoccaceae;A714019	A714019	162	187	121	140	279	217	213	0	0	0	0	0	0	0	0	0	0	0	0	0	0	0	0	0	0	0	0	0	0	0	0	0	0	0	0	0	0	0	0	0	0	0	0	0	0	0	0	0	0	0	0	0	0	0	0	0	0	0	0	0	0	0	15	0	0	0	0	369	378	165	218	299	0	16	0	0	0	79	257	261	75	82	278	0	0	0	0	0	0	96	153	0	11	291	107	0	0	12	152	0	0	34	0	0	0	54	37	0	0	115	86	0	0	62	48	168	47	294	109	225	335	333	160	120	142	0	0	0	0	0	0	0	0	0	0	0	0	0	48	0	123	0	182	0	181	0	512	0	16
genus	Main genome;Bacteria;Bacteria (superkingdom);PVC group (Planctobacteria);Verrucomicrobiota;Verrucomicrobiae;Opitutales;Puniceicoccaceae;Lentimonas	Lentimonas	35	2	4	4	15	30	16	18	0	24	0	0	0	0	159	156	100	312	197	169	390	53	3	3	0	0	0	1282	1870	1820	1912	2036	1423	2193	1366	3	16	66	0	17	0	283	287	171	0	0	0	0	9	0	3	3	0	0	0	1	0	0	15	0	11	9	56	0	0	2	0	4	0	3	12	0	0	0	0	0	0	0	0	0	0	0	0	0	0	0	0	0	0	25	2	0	0	3	1	0	0	0	0	0	0	0	0	0	0	3	0	0	0	0	1	0	0	0	0	0	0	0	0	0	0	6	10	0	0	0	0	0	0	0	0	0	0	0	0	0	0	0	0	0	3	0	0	0	24	0	12	0	0
genus	Main genome;Bacteria;Bacteria (superkingdom);PVC group (Planctobacteria);Verrucomicrobiota;Verrucomicrobiae;Opitutales;Puniceicoccaceae;Coraliomargarita	Coraliomargarita	291	187	295	314	242	187	164	0	0	0	0	36	0	0	177	190	190	484	401	218	400	147	0	4	0	0	2	322	933	535	426	341	355	826	295	0	39	12	5	15	0	359	468	216	45	9	21	0	24	0	0	0	0	0	0	0	0	0	0	0	0	0	0	0	0	0	0	710	277	257	261	504	0	0	0	0	0	194	176	142	176	276	281	7	0	5	0	0	21	199	297	0	0	0	15	0	0	64	18	0	0	199	71	0	0	112	33	0	0	151	87	0	0	0	1	3	0	0	0	44	187	289	320	212	116	0	0	0	228	0	0	0	4	46	100	2	84	0	318	0	191	0	314	0	352	0	0	0	43
genus	Main genome;Bacteria;Bacteria (superkingdom);PVC group (Planctobacteria);Verrucomicrobiota;Verrucomicrobiae;Opitutales;Puniceicoccaceae;Cerasicoccus	Cerasicoccus	0	0	0	0	0	0	0	0	0	0	0	0	0	0	0	0	0	17	2	12	53	0	0	0	0	0	0	0	58	3	2	8	24	0	0	0	0	0	0	0	0	25	130	28	0	0	0	0	0	0	0	0	0	0	0	0	0	0	0	0	0	0	0	0	0	0	0	0	0	0	0	0	0	0	0	0	0	0	0	0	0	0	0	0	0	0	0	0	0	0	0	0	0	0	0	0	0	0	0	0	0	58	12	0	0	0	0	0	0	3	8	0	0	0	0	10	0	0	0	0	0	0	0	0	0	0	0	0	0	0	0	0	0	0	0	0	0	0	99	0	0	0	4	0	0	0	0	0	0
genus	Main genome;Bacteria;Bacteria (superkingdom);PVC group (Planctobacteria);Verrucomicrobiota;Verrucomicrobiae;Opitutales;Puniceicoccaceae;Pelagicoccus	Pelagicoccus	46	164	232	97	134	93	19	0	0	0	0	0	0	0	0	0	5	59	13	10	66	55	0	0	0	0	0	179	236	449	546	259	257	622	403	28	0	5	0	17	0	361	411	191	0	0	0	0	0	0	0	0	1	0	0	0	0	0	0	80	0	0	0	0	0	0	0	144	115	49	25	82	0	11	0	0	0	0	9	1	3	0	0	0	0	0	0	0	0	84	184	0	0	144	233	0	0	453	519	0	0	26	15	0	0	0	0	1	0	25	33	0	0	20	30	1	23	33	0	44	0	0	3	23	18	0	0	0	0	0	0	0	0	0	0	0	0	0	45	0	3	2	37	0	112	0	237	0	385
genus	Main genome;Bacteria;Bacteria (superkingdom);PVC group (Planctobacteria);Verrucomicrobiota;Verrucomicrobiae;Opitutales;Puniceicoccaceae;Verruc-01	Verruc-01	0	0	0	0	0	0	0	0	0	0	0	0	0	0	0	0	0	0	0	0	0	0	0	0	0	0	0	0	0	0	0	0	0	0	0	0	0	0	0	0	0	0	0	0	0	0	0	0	0	0	0	0	0	0	0	0	0	0	0	0	0	0	0	0	0	0	0	0	0	0	0	0	0	23	0	0	0	0	0	0	0	0	0	0	0	0	0	0	0	0	0	0	0	0	0	0	0	0	0	0	0	0	0	0	0	0	0	0	0	0	0	0	0	0	0	0	0	0	0	0	0	0	0	0	0	0	0	0	0	0	0	0	0	0	0	0	0	0	0	0	0	0	0	0	0	0	0	0	0
genus	Main genome;Bacteria;Bacteria (superkingdom);PVC group (Planctobacteria);Verrucomicrobiota;Verrucomicrobiae;Verrucomicrobiales;Rubritaleaceae;Roseibacillus	Roseibacillus	170	329	402	261	431	701	689	0	0	0	0	0	0	0	164	73	200	781	400	733	372	674	2	11	0	31	0	229	265	259	197	325	429	160	806	0	312	0	0	0	0	884	1192	964	0	3	0	23	0	3	0	0	202	0	0	0	0	0	0	0	0	0	66	0	109	0	0	241	457	401	330	510	0	0	0	0	0	96	34	27	27	5	53	46	0	0	0	0	0	211	356	0	0	18	3	30	0	224	268	0	0	1	428	0	0	1	3	0	0	0	0	0	32	0	0	0	0	0	134	166	291	6	13	52	44	0	0	0	51	0	251	0	0	0	114	0	0	0	1	0	2	0	0	0	442	0	55	100	164
genus	Main genome;Bacteria;Bacteria (superkingdom);PVC group (Planctobacteria);Verrucomicrobiota;Verrucomicrobiae;Verrucomicrobiales;Rubritaleaceae;Haloferula	Haloferula	0	0	0	0	0	0	0	0	0	0	0	0	0	0	0	0	0	0	0	0	0	0	0	0	0	0	0	0	0	0	0	0	0	0	0	0	0	0	0	0	0	0	0	0	0	0	0	0	0	0	0	0	0	0	0	0	0	0	0	0	0	0	0	0	0	0	0	0	4	38	0	6	0	0	0	0	0	0	0	0	0	0	0	0	0	0	0	0	0	0	0	0	0	0	0	0	0	0	0	0	0	0	0	0	0	0	0	0	0	0	0	0	0	0	0	0	3	0	0	0	0	0	0	0	0	0	0	0	0	0	0	0	0	0	0	0	0	0	0	0	0	0	0	0	0	0	0	0	0
genus	Main genome;Bacteria;Bacteria (superkingdom);PVC group (Planctobacteria);Verrucomicrobiota;Verrucomicrobiae;Verrucomicrobiales;Rubritaleaceae;Rubritalea	Rubritalea	0	0	0	0	1	0	0	0	0	0	0	0	0	0	0	0	0	0	0	0	0	0	0	0	0	0	0	0	0	0	0	0	0	0	0	0	0	0	0	0	0	0	59	0	0	0	0	63	0	0	55	21	0	0	0	0	0	0	0	0	0	0	8	0	0	9	0	0	0	2	0	0	0	0	0	0	0	0	0	0	0	0	0	0	0	0	0	0	0	0	0	0	0	0	0	0	0	7	2	0	0	73	38	0	0	99	34	0	0	4	134	6	0	7	0	41	16	76	146	12	0	9	0	1	0	0	0	0	5	0	65	0	0	0	0	0	0	0	109	0	145	0	9	36	0	0	0	0	1
genus	Main genome;Bacteria;Bacteria (superkingdom);PVC group (Planctobacteria);Verrucomicrobiota;Verrucomicrobiae;Pedosphaerales;Pedosphaeraceae;SCGC AAA164-E04	SCGC AAA164-E04	24	44	82	0	38	69	24	0	0	0	0	0	0	0	124	173	87	113	135	130	32	24	0	0	0	0	1	196	140	118	180	188	173	406	211	2	0	8	0	0	0	157	290	229	27	1	0	0	0	0	0	0	0	0	0	0	0	0	0	0	0	0	37	0	0	0	0	66	3	32	31	92	0	0	0	0	0	49	9	29	30	25	7	0	0	0	0	0	0	37	39	0	0	403	284	2	0	135	356	0	1	0	0	0	0	0	0	0	4	0	0	0	0	0	0	0	0	0	0	117	232	18	43	172	114	0	0	0	0	0	0	0	0	0	0	0	152	1	0	0	0	0	0	0	103	0	589	3	130
genus	Main genome;Bacteria;Bacteria (superkingdom);PVC group (Planctobacteria);Verrucomicrobiota;Lentisphaeria;Lentisphaerales;Lentisphaeraceae;Lentisphaera	Lentisphaera	0	2	0	0	0	0	0	0	0	0	0	0	0	0	4	77	26	0	0	62	34	14	0	0	0	0	0	0	0	0	0	0	0	0	1	0	0	0	0	0	0	0	21	0	0	0	0	0	0	0	0	0	0	0	0	0	0	0	0	0	0	0	1	0	0	0	0	0	0	1	0	0	0	0	0	0	0	2	0	0	11	39	13	0	0	0	0	0	0	15	0	0	0	15	8	0	0	51	169	0	0	1063	473	6	2	1299	792	42	9	1284	1094	66	17	355	350	613	660	362	824	211	94	110	11	18	0	275	33	0	134	6	62	9	0	0	0	0	0	0	1877	18	2158	185	2298	319	28	0	19	0	33
genus	Main genome;Bacteria;Bacteria (superkingdom);PVC group (Planctobacteria);Verrucomicrobiota;Kiritimatiellae;Kiritimatiellales;Kiritimatiellaceae;R76-B128	R76-B128	309	315	590	910	981	1018	1018	62	26	2	61	54	30	19	102	386	267	312	603	341	590	147	0	0	0	0	0	103	135	71	105	109	122	111	36	0	9	0	0	0	0	0	2	0	0	0	0	0	0	0	1	0	0	0	0	0	0	0	0	0	0	0	337	0	0	0	0	614	609	348	724	627	3	1	0	0	8	540	951	494	541	688	942	115	120	35	66	55	27	1131	1377	58	46	794	1135	11	77	7	0	0	0	0	0	0	0	3	0	0	0	0	23	0	0	6	0	0	0	34	254	8	860	1864	978	899	873	0	0	0	107	0	352	0	156	35	25	45	692	0	0	0	11	0	0	0	2024	239	1425	49	7
genus	Main genome;Bacteria;Bacteria (superkingdom);PVC group (Planctobacteria);Planctomycetota;Planctomycetes;Pirellulales;Pirellulaceae;Blastopirellula	Blastopirellula	61	142	98	67	109	105	176	0	0	0	0	0	0	0	65	106	113	129	81	109	16	31	7	0	0	0	0	0	0	0	0	1	0	0	5	0	0	0	0	0	0	5	6	145	0	0	0	0	0	0	0	0	0	0	0	0	2	0	0	5	0	0	292	0	0	0	0	380	258	80	161	177	0	0	0	0	0	407	468	264	337	157	708	0	0	0	0	0	0	14	88	0	0	90	464	0	0	2005	1710	0	0	1582	552	2	5	1100	699	41	12	605	829	31	3	901	457	633	606	853	2595	2107	3195	641	395	248	373	0	175	224	151	0	0	0	396	0	4	0	201	0	2796	6	1800	183	1060	138	29	0	176	4	1629
genus	Main genome;Bacteria;Bacteria (superkingdom);PVC group (Planctobacteria);Planctomycetota;Planctomycetes;Pirellulales;Pirellulaceae;Rhodopirellula	Rhodopirellula	36	176	138	86	110	175	236	0	0	0	0	0	4	0	6	8	67	181	258	306	409	248	0	0	0	0	0	0	23	1	0	0	83	5	7	0	0	0	0	0	0	101	22	0	0	8	0	0	0	0	0	0	0	0	0	0	0	0	0	2	0	0	40	0	32	0	0	407	218	257	64	273	0	2	0	0	2	1361	1690	1148	1010	1748	2032	18	41	42	0	0	0	73	95	1	78	1002	723	0	10	2509	2575	7	32	2832	1529	59	123	2631	1741	3	6	1665	2550	12	1	4383	3118	3946	4737	3083	4174	23927	17414	3759	2139	2339	1788	7	0	5	0	14	497	277	86	65	54	87	466	12	4773	224	4513	13	2962	25	160	12	1777	0	1863
genus	Main genome;Bacteria;Bacteria (superkingdom);PVC group (Planctobacteria);Planctomycetota;Planctomycetes;Pirellulales;Pirellulaceae;Pirellula	Pirellula	1431	1155	2161	2601	1907	1370	1538	0	23	0	0	0	0	0	0	0	0	0	0	0	0	0	0	8	0	0	0	8	0	0	7	0	0	0	0	0	135	0	0	36	0	0	0	0	0	0	0	0	21	0	0	94	0	0	0	0	0	0	0	22	0	6	0	0	14	0	0	899	746	610	919	564	0	0	47	0	43	4	0	3	0	0	0	0	0	6	0	0	1	521	956	0	0	853	1635	131	0	40	67	0	0	0	336	4	1	89	234	50	51	3	19	1	0	249	0	0	161	0	0	0	146	0	199	2	0	477	194	559	734	0	352	533	0	327	380	0	289	0	0	9	130	163	0	2	909	0	1361	451	38
genus	Main genome;Bacteria;Bacteria (superkingdom);PVC group (Planctobacteria);Planctomycetota;Planctomycetes;Pirellulales;Pirellulaceae;Rubripirellula	Rubripirellula	490	492	785	946	496	533	740	0	0	0	0	10	0	0	0	7	97	231	79	171	133	196	0	0	1	0	0	40	0	48	41	29	4	10	44	0	0	0	0	0	0	499	636	609	0	0	0	0	0	0	0	0	0	108	0	0	0	0	0	0	0	0	1365	287	187	0	0	1836	1179	1119	1572	2317	0	1	0	0	0	2120	2805	1197	1548	1536	2312	0	22	16	12	0	0	260	197	0	1	136	239	1	0	186	292	0	0	0	77	5	9	2	0	0	0	0	1	9	0	0	0	0	1	81	144	1223	4191	2406	2110	2918	1992	0	0	0	331	0	0	1502	329	0	0	0	0	0	3	6	6	0	0	41	470	2	200	6	159
genus	Main genome;Bacteria;Bacteria (superkingdom);PVC group (Planctobacteria);Planctomycetota;Planctomycetes;Pirellulales;Pirellulaceae;Pir4 lineage	Pir4 lineage	0	0	0	0	0	0	0	0	0	0	0	0	0	0	0	0	1	0	61	0	0	65	0	0	0	0	0	0	0	0	0	0	0	0	0	0	0	0	0	0	0	0	0	0	0	0	0	0	0	0	0	0	0	0	0	0	0	0	0	0	0	0	0	0	21	0	0	0	0	0	0	0	0	0	0	0	0	0	0	0	0	0	0	0	0	0	0	0	0	0	0	0	0	0	0	0	0	0	0	0	0	1012	190	8	3	75	54	0	0	0	38	0	0	0	0	23	0	9	460	313	28	0	0	0	0	0	0	0	0	0	0	0	0	0	0	0	0	0	1869	30	74	0	0	0	0	0	0	0	0
genus	Main genome;Bacteria;Bacteria (superkingdom);PVC group (Planctobacteria);Planctomycetota;Planctomycetes;Planctomycetales;Rubinisphaeraceae;Planctomicrobium	Planctomicrobium	0	0	0	0	0	0	0	0	0	0	0	0	0	0	0	0	0	0	0	0	0	0	0	0	0	0	0	0	0	0	0	0	0	0	0	0	0	0	0	0	0	0	0	0	0	0	0	0	0	0	0	0	0	0	0	0	0	0	0	0	0	0	0	0	0	0	0	0	0	0	0	0	0	0	0	0	0	0	0	0	0	0	0	0	0	0	0	0	0	0	0	0	77	0	0	0	0	0	0	0	0	0	0	1	3	0	0	0	0	0	0	0	0	0	0	0	0	0	0	0	0	0	0	0	0	0	0	0	0	0	0	0	0	0	0	0	0	0	0	0	0	0	0	0	0	0	0	0	0
genus	Main genome;Bacteria;Bacteria (superkingdom);PVC group (Planctobacteria);Planctomycetota;Phycisphaerae;Phycisphaerales;Phycisphaeraceae;SM1A02	SM1A02	0	0	0	0	0	0	0	0	0	0	0	0	0	0	0	0	0	0	0	0	7	0	0	0	0	0	0	0	0	0	0	0	0	0	0	0	0	0	0	0	0	0	0	0	0	0	0	0	0	0	0	0	0	0	0	0	0	0	0	0	0	0	0	0	0	0	0	3	2	1	2	0	0	0	0	0	0	0	0	0	0	0	0	0	0	0	0	0	0	0	0	0	22	0	7	0	0	0	60	0	0	18	0	0	3	2	0	0	0	4	0	2	0	5	0	0	0	0	0	0	0	0	0	0	0	0	0	0	0	0	0	0	0	0	0	0	0	0	30	2	3	0	5	10	0	0	0	0	0
genus	Main genome;Bacteria;Bacteria (superkingdom);PVC group (Planctobacteria);Planctomycetota;Phycisphaerae;Phycisphaerales;Phycisphaeraceae;Phycisphaera	Phycisphaera	3	0	0	0	3	0	2	0	0	0	0	0	0	0	0	0	0	0	0	0	0	0	0	0	0	0	0	0	0	0	0	0	0	0	0	0	0	0	0	0	0	0	0	0	0	0	0	0	0	0	0	0	0	0	0	0	0	0	0	0	0	0	0	50	0	0	0	42	23	67	0	18	0	0	0	0	0	0	0	0	3	0	0	0	0	0	0	0	0	0	0	0	0	0	20	0	0	19	0	0	0	12	0	0	0	0	1	0	0	10	0	0	0	0	0	0	0	0	0	0	0	0	0	0	0	0	0	0	0	0	0	0	0	0	0	0	0	0	20	0	0	0	26	0	0	0	0	0	20
genus	Main genome;Bacteria;Bacteria (superkingdom);PVC group (Planctobacteria);Planctomycetota;Phycisphaerae;Phycisphaerales;Phycisphaeraceae;CL500-3	CL500-3	1609	1694	1951	2433	1569	2703	1881	1	0	6	19	21	0	0	3	108	61	158	46	121	99	376	0	43	0	0	0	234	341	209	497	412	302	504	220	4	358	0	0	131	166	409	621	254	0	2	0	0	0	0	0	0	1	1	312	0	0	7	0	8	24	33	1760	257	279	0	0	1523	1527	835	1315	1368	1	17	0	3	0	787	862	819	454	1000	1169	0	0	0	0	1	0	972	980	14	0	602	344	36	16	2638	3030	0	0	2475	1870	49	33	1906	1739	29	1	1365	1576	0	9	1055	1433	1167	1451	3665	2316	2369	2480	1626	772	1161	836	92	149	0	701	0	37	552	452	169	0	3	147	0	4416	195	3127	134	2417	8	1770	60	926	133	1993
genus	Main genome;Bacteria;Bacteria (superkingdom);PVC group (Planctobacteria);Planctomycetota;Phycisphaerae;Phycisphaerales;Phycisphaeraceae;Urania-1B-19 marine sediment group	Urania-1B-19 marine sediment group	757	935	1229	1699	1255	1325	1329	12	72	6	0	1	0	0	508	689	743	1370	1196	1857	1629	1348	2	2	3	52	7	257	322	322	457	277	236	536	235	29	252	3	0	0	0	855	974	574	38	40	37	0	0	0	9	0	31	75	0	0	0	7	0	4	0	0	1273	820	0	0	0	1509	1238	1118	692	1422	3	7	0	5	11	1107	1722	1007	780	1217	1904	0	1	0	0	0	0	432	745	11	0	3	7	6	0	40	65	0	14	452	845	0	0	845	499	3	0	559	939	0	1	334	219	313	568	2213	1538	1058	1889	1821	1349	1419	1767	505	0	0	434	185	19	0	723	119	169	84	167	0	686	0	1152	11	915	0	837	51	9	28	32
genus	Main genome;Bacteria;Bacteria (superkingdom);PVC group (Planctobacteria);Planctomycetota;Phycisphaerae;Phycisphaerales;Phycisphaeraceae;JL-ETNP-F27	JL-ETNP-F27	0	0	0	0	0	39	0	0	0	0	0	0	0	0	0	0	0	0	0	0	0	0	0	0	0	0	0	0	0	0	0	0	0	0	0	0	0	0	0	0	0	0	0	0	0	0	0	0	0	0	0	0	0	0	1	0	0	0	0	0	0	0	0	0	0	0	0	0	0	0	0	0	0	0	0	0	0	39	49	3	56	66	42	0	0	0	0	0	0	0	0	0	0	219	194	0	0	920	978	23	201	504	280	128	142	1372	1351	330	215	1114	1470	429	44	3434	1940	2151	2930	2818	2515	1119	197	39	110	8	223	429	177	267	316	1277	492	326	0	418	469	50	0	69	952	369	2410	1276	2043	1713	0	3	343	0	912
genus	Main genome;Bacteria;Bacteria (superkingdom);PVC group (Planctobacteria);Planctomycetota;Phycisphaerae;Phycisphaerales;Phycisphaeraceae;FS140-16B-02 marine group	FS140-16B-02 marine group	21	65	37	70	34	121	34	0	0	0	0	0	0	0	0	0	0	1	0	0	0	0	0	0	0	0	0	0	0	0	0	0	0	0	0	0	0	0	0	0	0	0	0	0	0	0	0	0	0	0	0	0	0	61	0	0	0	0	0	0	0	0	46	0	0	0	0	11	109	12	113	15	0	0	0	0	0	110	132	67	35	33	170	0	0	0	0	0	0	48	51	0	0	559	455	0	2	2161	3327	0	54	3199	1610	174	152	2976	2443	18	7	2249	2486	166	0	2308	2153	2935	3146	3660	4681	2774	583	59	248	407	118	210	0	48	2	363	179	0	0	0	0	0	12	1	5728	527	4789	70	3894	580	82	0	985	0	2016
genus	Main genome;Bacteria;Bacteria (superkingdom);Spirochaetes superphylum;Spirochaetota;Spirochaetia;Spirochaetales;Spirochaetaceae;Spirochaeta	Spirochaeta	0	0	0	0	0	0	0	0	0	0	0	0	0	0	0	0	0	0	0	0	0	0	0	0	0	0	0	0	0	0	0	0	0	0	0	0	0	0	0	0	0	0	0	0	0	0	0	0	0	0	0	0	0	0	0	0	0	0	0	0	0	0	0	0	0	0	0	0	0	0	0	0	0	0	0	0	0	0	0	0	0	0	0	0	0	0	0	0	0	0	0	0	0	0	0	0	0	0	0	0	0	31	89	15	0	108	18	0	0	0	0	0	0	0	0	0	0	16	97	299	0	0	0	0	0	0	0	0	0	0	104	749	0	0	0	0	0	0	57	53	223	0	11	0	0	0	0	0	0
genus	Main genome;Bacteria;Bacteria (superkingdom);Spirochaetes superphylum;Spirochaetota;Leptospirae;Leptospirales;Leptospiraceae;Turneriella	Turneriella	37	12	42	10	19	27	0	46	0	1	8	55	0	9	0	0	0	0	3	0	59	0	9	33	23	39	9	2	18	0	0	0	0	0	0	25	17	36	84	22	123	0	0	0	0	0	0	0	0	0	0	0	0	0	0	0	0	0	0	0	0	0	0	0	0	0	0	4	51	0	0	0	52	61	112	53	127	0	0	0	0	0	0	0	0	0	8	0	0	5	0	20	117	0	1	15	33	0	0	3	7	0	0	0	0	0	0	0	0	0	0	0	0	0	0	0	0	0	0	0	0	0	0	0	0	0	0	0	0	0	0	0	0	0	0	0	0	11	0	0	0	0	0	0	7	60	0	23	0
genus	Main genome;Bacteria;Bacteria (superkingdom);Halanaerobiaeota superphylum;Halanaerobiaeota;Halanaerobiia;Halanaerobiales;Halanaerobiaceae;Halanaerobium	Halanaerobium	0	0	0	0	0	0	0	0	0	0	0	0	0	0	220	91	30	94	28	199	70	222	0	0	0	0	17	0	44	0	0	0	0	0	5	0	0	0	0	0	0	0	0	0	0	0	0	0	0	0	0	0	0	0	0	0	0	0	0	0	0	0	0	0	0	0	0	0	0	0	0	0	0	0	0	0	0	0	0	0	0	0	0	0	0	0	0	0	0	0	0	0	0	0	0	0	0	0	0	0	0	0	0	0	0	0	0	0	0	0	0	0	0	0	0	0	0	0	0	0	0	0	0	0	0	0	0	0	0	0	0	0	0	0	0	0	0	0	0	0	0	0	0	0	0	0	0	0	0
genus	Main genome;Bacteria;Bacteria (superkingdom);Fusobacteria superphylum;Fusobacteriota;Fusobacteriia;Fusobacteriales;Fusobacteriaceae;Fusobacterium	Fusobacterium	0	0	0	0	0	0	0	0	0	0	0	0	0	0	0	0	0	0	0	0	0	0	0	0	0	0	0	0	0	0	0	0	0	0	0	0	0	0	0	0	0	0	0	0	0	0	0	0	0	0	0	0	0	0	0	0	0	93	0	0	0	0	0	0	0	0	0	0	0	0	0	0	0	0	0	0	0	0	0	0	0	0	0	0	0	0	0	0	0	0	0	0	0	0	0	0	0	0	0	0	0	0	0	0	0	0	0	0	0	0	0	0	0	0	0	0	0	0	0	0	0	0	0	0	0	0	0	0	0	0	0	0	0	0	0	0	0	0	0	0	0	0	0	0	0	0	0	0	0
genus	Main genome;Bacteria;Bacteria (superkingdom);Fusobacteria superphylum;Fusobacteriota;Fusobacteriia;Fusobacteriales;Fusobacteriaceae;Cetobacterium	Cetobacterium	0	0	0	0	0	0	0	0	0	0	0	0	0	0	61	0	3	0	0	0	0	0	0	0	0	0	0	0	0	0	0	0	0	0	0	0	0	0	0	0	0	0	0	0	0	0	0	0	0	0	0	0	0	0	0	0	0	0	0	0	0	0	0	137	0	0	0	0	0	0	0	0	0	0	0	0	0	0	0	0	0	0	0	0	0	0	0	0	0	0	0	0	0	0	0	0	0	0	0	0	0	0	0	0	0	0	0	0	0	0	0	0	0	2	0	22	0	0	0	0	0	0	0	0	0	0	0	0	0	0	0	0	0	0	0	0	0	0	0	0	0	0	0	0	0	0	0	0	0
genus	Main genome;Bacteria;Bacteria (superkingdom);Fusobacteria superphylum;Fusobacteriota;Fusobacteriia;Fusobacteriales;Fusobacteriaceae;Propionigenium	Propionigenium	0	0	0	0	0	0	0	0	0	0	0	0	0	0	0	9	24	27	75	160	22	74	0	0	0	0	1	0	0	0	0	0	0	0	4	0	0	0	0	0	0	0	0	0	0	0	0	0	0	0	0	0	0	0	0	0	0	0	0	0	0	0	0	0	0	0	0	0	0	0	0	0	0	0	0	0	0	0	0	0	0	0	0	0	0	0	0	0	0	0	0	0	0	0	0	0	0	0	0	0	0	0	0	0	0	0	0	0	0	0	0	0	0	0	0	0	0	0	0	0	0	0	0	0	0	0	0	0	0	0	0	0	0	0	0	0	0	0	0	0	0	0	0	0	0	0	0	0	0
genus	Main genome;Bacteria;Bacteria (superkingdom);Fusobacteria superphylum;Fusobacteriota;Fusobacteriia;Fusobacteriales;Leptotrichiaceae;Hypnocyclicus	Hypnocyclicus	0	0	0	0	0	0	0	0	0	0	0	0	0	0	0	120	24	0	0	0	0	0	0	0	0	0	0	0	0	0	0	0	0	0	0	0	0	0	0	0	0	0	0	0	0	0	0	0	0	0	0	0	0	0	0	0	0	0	0	0	0	0	0	0	0	0	0	0	0	0	0	0	0	0	0	0	0	0	0	0	0	0	0	0	0	0	0	0	0	0	0	0	0	0	0	0	0	0	0	0	0	0	0	0	0	0	0	0	0	0	0	0	0	0	0	0	0	0	0	0	0	0	0	0	0	0	0	0	0	0	0	0	0	0	0	0	0	0	0	0	0	0	0	0	0	0	0	0	0
genus	Main genome;Bacteria;Bacteria (superkingdom);Thermotogota superphylum;Thermotogota;Thermotogae;Petrotogales;Petrotogaceae;Geotoga	Geotoga	0	0	0	0	0	0	0	0	0	0	0	0	0	0	45	0	0	0	0	0	0	0	0	0	0	0	0	0	0	0	0	0	0	0	0	0	0	0	0	0	0	0	0	0	0	0	0	0	0	0	0	0	0	0	0	0	0	0	0	0	0	0	0	0	0	0	0	0	0	0	0	0	0	0	0	0	0	0	0	0	0	0	0	0	0	0	0	0	0	0	0	0	0	0	0	0	0	0	0	0	0	0	0	0	0	0	0	0	0	0	0	0	0	0	0	0	0	0	0	0	0	0	0	0	0	0	0	0	0	0	0	0	0	0	0	0	0	0	0	0	0	0	0	0	0	0	0	0	0
genus	Main genome;Bacteria;Bacteria (superkingdom);Nitrospirae superphylum;Nitrospirota;Nitrospiria;Nitrospirales;Nitrospiraceae;Nitrospira	Nitrospira	0	0	0	0	0	0	0	0	0	0	0	0	0	0	0	0	0	0	0	0	0	0	0	0	0	0	0	0	0	0	0	0	0	0	0	0	0	0	0	0	0	0	0	0	0	0	0	0	0	0	0	0	0	0	0	0	0	0	1	0	0	0	0	0	0	0	0	0	0	0	0	0	0	0	0	0	0	0	0	0	0	0	0	0	0	0	0	0	0	0	0	0	0	0	0	0	0	0	0	0	0	102	149	11	6	9364	6349	33	11	8449	9712	367	6	16514	11748	16076	19688	4626	3558	723	17	0	71	0	0	131	9	52	3	88	8	0	641	0	0	155	0	0	187	10	15091	98	14266	1326	0	0	0	0	0
genus	Main genome;Bacteria;Bacteria (superkingdom);Nitrospirae superphylum;Methylomirabilota;Methylomirabilia;Methylomirabilales;Methylomirabilaceae;wb1-A12	wb1-A12	0	0	0	0	0	0	0	0	0	0	0	0	0	0	0	0	0	0	0	0	0	0	0	0	0	0	0	0	0	0	0	0	0	0	0	0	0	0	0	0	0	0	0	0	0	0	0	0	0	0	0	0	0	0	0	0	0	0	0	0	0	0	0	0	0	0	0	0	0	0	0	0	0	0	0	0	0	0	0	0	0	0	0	0	0	0	0	0	0	0	0	0	0	0	0	0	0	0	0	0	0	0	0	0	0	0	0	0	23	0	0	0	0	3	0	0	0	0	0	0	0	0	0	0	0	0	0	0	0	0	0	0	0	0	0	0	0	0	0	0	0	0	0	0	0	0	0	0	0
genus	Main genome;Bacteria;Bacteria (superkingdom);Nitrospirae superphylum;Nitrospinota;Nitrospinia;Nitrospinales;Nitrospinaceae;Nitrospina	Nitrospina	0	0	0	0	0	0	0	0	0	0	0	0	0	0	0	0	0	0	0	0	0	0	0	0	0	0	0	0	0	0	0	0	0	0	0	0	0	0	0	0	0	0	0	0	0	0	0	0	0	0	0	0	57	0	0	0	0	0	0	0	0	0	0	0	0	0	0	0	0	0	0	0	0	0	0	0	0	0	0	0	0	0	0	0	0	0	0	0	0	0	0	0	0	0	0	0	0	0	0	0	0	84	165	5	39	812	320	0	8	740	841	40	16	1807	2387	2442	3023	1167	1016	198	0	0	0	0	0	27	39	0	2	29	67	0	0	244	0	0	0	0	201	9	1276	3	1334	162	0	0	0	0	0
genus	Main genome;Bacteria;Bacteria (superkingdom);Nitrospirae superphylum;Nitrospinota;Nitrospinia;Nitrospinales;Nitrospinaceae;LS-NOB	LS-NOB	0	0	0	0	0	0	0	0	0	0	0	0	0	0	0	0	0	0	0	0	0	0	0	0	0	0	0	0	0	0	0	0	0	0	0	0	0	0	0	0	0	0	0	0	0	0	0	0	72	0	6	0	0	0	0	0	0	0	0	0	0	0	0	0	0	0	0	0	0	0	0	0	0	0	0	0	0	0	0	0	0	0	0	0	0	0	0	0	0	0	0	0	0	0	0	0	0	264	165	0	9	4579	3480	779	495	9710	7665	5	38	5688	6231	46	8	14559	11581	12257	15106	5473	5652	4316	0	0	0	0	0	9	90	0	0	123	76	0	2	2	0	166	0	0	7934	2575	16614	16	10462	159	0	0	0	0	198
genus	Main genome;Archaea;Archaea (superkingdom);Euryarchaea sensu lato superphylum;Halobacterota;Halobacteria;Halobacterales;Halococcaceae;Halococcus	Halococcus	0	0	0	0	0	0	0	0	0	0	0	0	0	0	0	0	8	0	7	11	0	58	0	0	0	0	0	0	0	0	0	0	0	0	0	0	0	0	0	0	0	0	0	0	0	0	0	0	0	0	0	0	0	0	0	0	0	0	0	0	0	0	0	0	0	0	0	0	0	0	0	0	0	0	0	0	0	0	0	0	0	0	0	0	0	0	0	0	0	0	0	0	0	0	0	0	0	0	0	0	0	0	0	0	0	0	0	0	0	0	0	0	0	0	0	0	0	0	0	0	0	0	0	0	0	0	0	0	0	0	0	0	0	0	0	0	0	0	0	0	0	0	0	0	0	0	0	0	0
genus	Main genome;Archaea;Archaea (superkingdom);Euryarchaea sensu lato superphylum;Halobacterota;Halobacteria;Halobacterales;Halomicrobiaceae;Halomarina	Halomarina	0	0	0	0	0	0	0	0	0	0	0	0	0	0	0	81	15	0	0	2	0	0	0	0	0	0	0	0	0	0	0	0	0	0	0	0	0	0	0	0	0	0	0	0	0	0	0	0	0	0	0	0	0	0	0	0	0	0	0	0	0	0	0	0	0	0	0	0	0	0	0	0	0	0	0	0	0	0	0	0	0	0	0	0	0	0	0	0	0	0	0	0	0	0	0	0	0	0	0	0	0	0	0	0	0	0	0	0	0	0	0	0	0	0	0	0	0	0	0	0	0	0	0	0	0	0	0	0	0	0	0	0	0	0	0	0	0	0	0	0	0	0	0	0	0	0	0	0	0
genus	Main genome;Archaea;Archaea (superkingdom);TACK;Thaumarchaeota;Nitrososphaeria;Nitrosopumilales;Nitrosopumilaceae;Candidatus Nitrosopumilus	Candidatus Nitrosopumilus	0	0	2	16	17	0	0	0	0	0	0	0	0	0	0	0	0	0	0	0	0	0	0	0	0	0	0	0	0	0	0	0	0	0	0	0	0	0	0	0	0	0	0	0	0	0	0	0	394	0	261	249	112	10	0	46	2	1	2	0	62	1	0	0	0	0	1	26	46	15	32	43	57	0	0	5	0	0	0	0	1	48	12	0	0	0	0	0	0	0	48	24	0	253	208	207	129	3305	1484	955	2258	13	70	77	60	4	7	0	0	17	9	16	1	135	8	3	43	25	9	650	403	15	0	26	0	7	0	77	2	2	6	440	5	9	0	0	10	3306	31	243	8	0	21	88	4	49	468	748	2301
genus	Main genome;Archaea;Archaea (superkingdom);TACK;Thaumarchaeota;Nitrososphaeria;Nitrosopumilales;Nitrosopumilaceae;Candidatus Nitrosopelagicus	Candidatus Nitrosopelagicus	0	0	0	0	40	0	0	0	0	0	0	0	28	0	0	0	4	0	0	0	55	0	13	0	6	0	0	0	0	0	0	0	0	0	0	0	0	0	0	0	0	0	1	0	0	0	0	0	0	0	0	0	0	0	0	0	0	0	0	0	0	0	0	0	0	0	0	0	0	0	0	2	0	61	0	0	0	315	492	264	248	265	624	132	143	47	0	92	119	0	32	0	2	257	150	543	280	5397	2317	14144	7338	11098	15384	25132	35934	3150	4557	7859	6150	712	2538	2265	2466	178	620	818	383	1232	1257	24871	4328	1013	570	323	1321	1008	693	1514	1655	2688	9613	40647	1206	769	1298	2527	1346	49482	21886	90407	5935	30934	1293	9180	0	0	514	2304	4382
species	Main genome;Bacteria;Bacteria (superkingdom);Proteobacteria superphylum;Proteobacteria;Gammaproteobacteria;Enterobacterales;Colwelliaceae;Thalassotalea;Thalassotalea coralli	Thalassotalea coralli	0	0	0	0	0	0	0	0	0	0	0	0	0	0	0	0	0	0	0	0	0	0	0	0	0	0	0	0	0	0	0	0	0	0	0	0	0	0	0	0	0	0	0	0	0	0	0	0	0	0	0	0	0	0	0	0	0	0	0	0	0	0	0	0	0	0	0	0	0	0	0	0	0	0	0	0	0	0	2	0	0	0	0	0	0	0	0	0	0	0	0	0	0	0	0	0	0	0	0	0	0	0	0	0	0	0	0	0	0	0	0	0	0	16	0	1	0	0	9	103	26	0	0	0	0	98	74	17	33	0	5	17	0	0	0	0	0	0	0	0	0	0	0	0	0	0	0	0	0
species	Main genome;Bacteria;Bacteria (superkingdom);Proteobacteria superphylum;Proteobacteria;Gammaproteobacteria;Pseudomonadales;Halomonadaceae;Halomonas;Halomonas shantousis	Halomonas shantousis	0	0	0	0	0	0	0	0	0	0	0	0	0	0	0	0	0	0	0	0	0	0	0	0	0	0	0	0	0	0	0	0	0	0	0	0	0	0	0	0	0	0	0	0	0	0	0	0	0	0	0	0	0	0	0	0	0	0	0	0	0	0	0	0	0	0	0	0	0	0	0	0	0	0	0	0	0	0	0	0	0	0	0	0	0	0	0	0	0	0	0	0	0	0	0	0	0	0	0	0	0	0	0	0	0	0	0	0	0	0	0	0	0	0	0	77	75	0	261	0	0	0	0	0	0	0	0	0	0	0	208	0	0	0	0	0	0	0	0	0	0	0	0	0	0	0	0	0	0
species	Main genome;Bacteria;Bacteria (superkingdom);Proteobacteria superphylum;Proteobacteria;Gammaproteobacteria;Pseudomonadales;Halieaceae;Halioglobus;Halioglobus japonicus	Halioglobus japonicus	0	0	1	58	0	0	4	0	0	0	0	0	0	0	0	0	0	0	0	0	0	0	0	0	0	0	0	0	0	0	0	0	0	0	0	0	0	0	0	0	0	0	0	0	0	0	0	0	0	0	0	0	0	0	0	0	0	0	0	0	0	0	1	0	0	0	0	3	0	2	0	0	0	0	0	0	0	0	0	0	0	0	0	0	0	0	0	0	0	3	0	0	0	0	0	0	0	23	115	0	0	62	4	0	0	24	6	0	0	33	18	0	0	36	0	0	2	155	119	0	12	0	2	0	0	0	0	0	0	0	39	0	0	0	0	0	0	0	130	0	39	0	35	0	3	0	0	0	14
species	Main genome;Bacteria;Bacteria (superkingdom);Proteobacteria superphylum;Proteobacteria;Gammaproteobacteria;Pseudomonadales;Oceanospirillales;Litoricolaceae;Litoricola	Litoricola	215	201	363	171	147	282	142	2	0	0	0	0	0	0	148	518	408	486	673	197	1165	230	22	3	38	26	127	819	627	757	287	367	209	525	346	98	88	4	0	0	0	236	95	177	19	0	0	0	0	0	36	0	0	0	0	0	0	0	0	0	0	0	9	0	0	0	0	112	14	35	46	96	96	0	0	0	0	7	9	53	38	25	13	1	0	0	0	0	0	229	91	30	0	203	20	0	0	28	6	0	0	0	55	0	0	0	0	0	0	0	0	0	0	0	0	0	1	0	0	19	122	106	59	56	82	234	0	0	389	0	0	0	0	195	250	0	358	0	0	0	0	0	0	0	444	130	312	0	18
species	Main genome;Bacteria;Bacteria (superkingdom);Proteobacteria superphylum;Proteobacteria;Gammaproteobacteria;Xanthomonadales;Xanthomonadaceae;Pseudoxanthomonas;Pseudoxanthomonas taiwanensis	Pseudoxanthomonas taiwanensis	0	0	0	0	0	0	0	0	0	0	0	0	0	0	0	0	0	0	0	0	0	0	0	0	0	0	0	0	0	0	0	0	0	0	0	0	0	0	0	0	0	0	0	0	0	0	0	0	0	0	0	0	0	0	0	0	0	0	0	0	0	0	0	0	22	0	0	0	0	0	0	0	0	0	0	0	0	0	0	0	0	0	0	0	0	0	0	0	0	0	0	0	0	0	0	0	0	0	0	0	0	0	0	0	0	0	0	0	0	0	0	0	0	0	0	0	0	0	0	0	0	0	0	0	0	0	0	0	0	0	0	0	0	0	0	0	0	0	0	0	0	0	0	0	0	0	0	0	0
species	Main genome;Bacteria;Bacteria (superkingdom);Proteobacteria superphylum;Proteobacteria;Gammaproteobacteria;Salinisphaerales;Salinisphaeraceae;Salinisphaera;Salinisphaera dokdonensis CL-ES53	Salinisphaera dokdonensis CL-ES53	0	0	0	0	0	0	0	0	0	0	0	0	0	0	0	0	0	0	0	0	6	0	0	0	0	0	0	6	17	1753	78	10	2220	2	1864	0	0	0	0	0	12	1	0	0	0	0	0	0	0	0	0	0	0	0	0	0	0	0	0	0	0	0	0	0	0	0	0	0	0	0	0	0	0	0	0	0	0	0	0	0	0	0	0	0	0	0	0	0	0	0	0	0	0	0	0	0	0	0	0	0	0	0	0	0	0	0	0	0	0	0	0	0	0	0	0	0	0	0	0	0	0	0	0	0	0	0	0	0	0	0	0	0	0	0	0	0	0	0	0	0	0	0	0	0	0	0	0	0	0
species	Main genome;Bacteria;Bacteria (superkingdom);Proteobacteria superphylum;Proteobacteria;Gammaproteobacteria;Salinisphaerales;Salinisphaeraceae;Salinisphaera;Salinisphaera japonica YTM-1	Salinisphaera japonica YTM-1	0	0	0	0	0	0	0	0	0	0	0	0	0	0	0	0	0	0	0	0	13	0	0	0	0	0	0	30	23	1455	17	118	2364	21	1559	0	13	0	0	0	0	0	0	0	0	0	0	0	0	0	0	0	0	0	0	0	0	0	0	0	0	0	0	0	0	0	0	0	0	0	0	0	0	0	0	0	0	0	0	0	0	0	0	0	0	0	0	0	0	0	0	0	0	0	0	0	0	0	0	0	0	0	0	0	0	0	0	0	0	0	0	0	0	0	0	0	0	0	0	0	0	0	0	0	0	0	0	0	0	0	0	0	0	0	0	0	0	0	0	0	0	0	0	0	0	0	0	0	0
species	Main genome;Bacteria;Bacteria (superkingdom);Proteobacteria superphylum;Proteobacteria;Alphaproteobacteria;Rhizobiales;Rhizobiaceae;Fulvimarina;Fulvimarina manganoxydans	Fulvimarina manganoxydans	0	0	0	0	0	0	0	0	0	0	0	0	0	0	26	0	7	2	0	3	0	0	2	17	1	29	10	0	0	0	0	0	0	0	0	0	0	0	0	0	0	0	0	0	0	0	0	0	0	0	0	0	0	0	0	0	0	0	0	0	0	0	0	0	0	0	0	0	0	0	0	0	0	0	0	0	0	0	0	0	0	0	0	0	0	0	0	0	0	0	0	0	0	0	0	0	0	0	0	0	0	0	0	0	0	0	0	0	0	0	0	0	0	0	0	0	0	0	0	0	0	0	0	0	0	0	0	0	0	0	0	0	0	0	0	0	0	0	0	0	0	0	0	0	0	0	0	0	0
species	Main genome;Bacteria;Bacteria (superkingdom);Proteobacteria superphylum;Proteobacteria;Alphaproteobacteria;Rhizobiales;Rhizobiaceae;Jiella;Jiella aquimaris	Jiella aquimaris	0	0	0	0	0	0	0	0	0	0	0	0	0	0	0	0	0	0	0	0	0	1	92	33	6	13	1	0	0	0	0	0	0	0	0	0	0	0	0	0	0	0	0	0	0	0	0	0	0	0	0	0	0	0	0	0	0	0	0	0	0	0	0	0	0	0	0	0	0	0	0	0	0	0	0	0	0	0	0	0	0	0	0	0	0	0	0	0	0	0	0	0	0	0	0	0	0	0	0	0	0	0	0	0	0	0	0	0	0	0	0	0	0	0	0	0	0	0	0	0	0	0	0	0	0	0	0	0	0	0	0	0	0	0	0	0	0	0	0	0	0	0	0	0	0	0	0	0	0
species	Main genome;Bacteria;Bacteria (superkingdom);Proteobacteria superphylum;Proteobacteria;Alphaproteobacteria;Caulobacterales;Hyphomonadaceae;Henriciella;Henriciella aquimarina	Henriciella aquimarina	0	0	0	0	0	0	0	0	0	0	0	0	0	0	0	0	0	0	0	0	0	0	0	0	0	0	0	0	0	0	0	0	0	0	0	0	0	0	0	0	0	0	0	0	0	0	0	0	0	0	0	0	0	0	0	0	0	0	0	0	0	0	0	0	0	0	0	0	0	0	0	0	0	0	0	0	0	0	0	0	0	0	0	0	0	0	0	0	0	0	0	0	0	0	0	0	0	0	0	0	0	0	0	0	0	0	0	0	0	0	0	0	0	0	15	89	0	0	0	0	0	0	0	0	0	0	0	78	0	0	0	0	0	0	0	0	0	0	0	0	0	0	0	0	0	0	0	0	0
species	Main genome;Bacteria;Bacteria (superkingdom);Proteobacteria superphylum;Proteobacteria;Alphaproteobacteria;Caulobacterales;Hyphomonadaceae;Oceanicaulis;Oceanicaulis stylophorae	Oceanicaulis stylophorae	0	0	0	0	0	0	0	0	0	0	0	0	0	0	0	0	0	0	0	0	0	0	0	0	0	0	0	0	0	0	0	0	0	0	0	0	0	0	0	0	0	0	0	0	0	0	0	0	0	0	0	0	0	0	0	0	0	0	0	0	0	0	0	0	0	0	0	0	0	0	0	0	0	0	0	0	0	0	0	0	0	0	0	0	0	0	3	0	0	0	0	0	0	0	0	0	0	0	0	0	0	0	0	0	0	0	0	0	0	0	1	0	0	105	6	0	0	0	0	31	188	0	0	4	10	163	0	0	0	0	0	0	0	0	0	11	0	0	0	0	0	0	0	0	0	0	0	0	0
species	Main genome;Bacteria;Bacteria (superkingdom);Proteobacteria superphylum;Proteobacteria;Alphaproteobacteria;Rhodobacterales;Rhodobacteraceae;Donghicola;Donghicola tyrosinivorans	Donghicola tyrosinivorans	0	0	0	0	0	0	0	0	0	0	0	0	0	0	0	0	0	0	0	0	0	0	0	0	0	0	0	0	213	0	0	0	0	0	0	0	0	0	0	0	0	0	0	0	0	0	0	0	0	0	0	0	0	0	0	0	0	0	0	0	0	0	0	0	0	0	0	0	0	0	0	0	0	0	0	0	0	0	0	0	0	0	0	0	0	0	0	0	0	0	0	0	0	0	0	0	40	0	0	0	0	0	0	0	0	0	0	0	0	0	0	0	1	0	0	0	0	0	0	0	0	0	0	0	0	0	0	0	0	0	0	0	0	0	0	0	0	0	0	0	0	0	0	0	0	0	0	0	0
species	Main genome;Bacteria;Bacteria (superkingdom);Proteobacteria superphylum;Proteobacteria;Alphaproteobacteria;Rhodobacterales;Rhodobacteraceae;Roseivivax;Roseivivax halodurans	Roseivivax halodurans	0	0	0	0	0	0	0	0	0	0	0	0	0	0	0	0	9	17	5	4	78	38	0	3	0	0	0	0	0	0	0	0	0	0	0	0	0	0	0	0	0	0	0	0	0	0	0	0	0	0	0	0	0	0	0	0	0	0	0	0	0	0	0	0	0	0	0	0	0	0	0	0	0	0	0	0	0	0	0	0	0	0	0	0	0	0	0	0	0	0	0	0	0	0	0	0	0	0	0	0	0	0	0	0	0	0	0	0	0	0	0	0	0	0	0	0	0	0	0	0	0	0	0	0	0	0	0	0	0	0	0	0	0	0	0	0	0	0	0	0	0	0	0	0	0	0	0	0	0
species	Main genome;Bacteria;Bacteria (superkingdom);Proteobacteria superphylum;Proteobacteria;Alphaproteobacteria;Rhodobacterales;Rhodobacteraceae;Tranquillimonas;Tranquillimonas alkanivorans	Tranquillimonas alkanivorans	0	0	0	0	0	0	0	0	0	0	0	0	0	0	0	0	0	0	0	5	0	0	0	0	0	0	0	0	0	0	0	0	0	0	0	0	0	0	0	0	0	0	0	0	0	0	0	0	0	0	0	0	0	0	0	0	0	0	0	0	0	0	0	0	0	0	0	0	0	0	0	0	0	0	0	0	0	0	0	2	0	0	0	0	0	0	0	0	0	0	0	0	0	0	0	0	0	0	0	0	0	0	0	0	0	0	0	0	0	0	0	0	0	0	0	130	1	2	0	2	0	0	0	0	0	0	0	0	0	0	0	0	0	0	0	0	0	0	0	0	0	0	0	0	0	0	0	0	0
species	Main genome;Bacteria;Bacteria (superkingdom);Terrabacteria;Deinococcota;Deinococci;Deinococcales;Deinococcaceae;Deinococcus;Deinococcus reticulitermitis	Deinococcus reticulitermitis	0	0	0	16	0	1	0	0	0	16	0	0	0	0	0	0	0	0	0	0	0	0	0	0	0	0	0	0	0	0	0	0	0	0	0	28	0	0	0	0	0	0	0	0	0	15	0	0	0	1	0	0	0	0	0	0	0	0	0	0	0	0	0	31	4	0	0	0	0	0	0	0	0	0	0	0	0	0	0	0	0	56	0	0	0	0	0	0	0	0	0	0	0	0	0	0	0	0	0	0	0	0	0	0	0	21	0	0	0	0	0	0	0	0	0	36	0	0	0	0	0	0	0	0	0	0	0	11	0	0	0	6	0	11	0	0	0	0	0	0	22	0	0	0	0	0	0	0	0
species	Main genome;Bacteria;Bacteria (superkingdom);FCB group;Bacteroidota;Bacteroidia;Flavobacteriales;Flavobacteriaceae;Winogradskyella;Winogradskyella exilis	Winogradskyella exilis	0	0	0	0	0	0	0	0	0	0	0	0	0	0	0	0	0	0	0	0	0	0	0	0	0	0	0	0	0	2	0	0	5	0	1	0	0	0	0	0	0	0	0	0	0	0	0	0	0	0	0	0	0	0	0	0	0	0	0	0	0	6	0	0	0	0	0	0	0	0	0	0	0	0	0	0	0	0	0	0	0	0	0	0	0	0	0	0	0	0	0	0	0	0	0	0	0	0	0	0	0	0	0	0	0	0	0	0	0	0	0	0	0	0	0	0	0	0	0	0	0	0	0	0	0	0	0	0	0	0	0	0	0	0	0	0	0	0	0	0	0	0	0	0	0	0	0	0	0
species	Main genome;Bacteria;Bacteria (superkingdom);FCB group;Bacteroidota;Bacteroidia;Flavobacteriales;Flavobacteriaceae;Mesonia;Mesonia algae	Mesonia algae	0	0	0	0	0	0	0	0	0	0	0	0	0	0	0	0	1	16	0	2	0	14	4	0	0	0	0	0	0	0	0	0	0	0	0	0	0	0	0	0	0	0	0	0	0	0	0	0	0	0	4	0	0	0	0	0	0	0	0	1	0	0	0	0	0	0	0	0	0	0	0	0	0	0	0	0	0	0	0	0	0	0	0	0	0	0	0	0	0	0	0	0	0	0	0	0	0	0	0	0	0	0	0	0	0	0	0	0	0	0	0	0	0	0	0	0	0	0	0	0	0	0	0	0	0	0	0	0	133	0	0	0	0	0	0	0	0	0	0	0	0	0	0	0	0	0	0	0	0
species	Main genome;Bacteria;Bacteria (superkingdom);FCB group;Bacteroidota;Bacteroidia;Flavobacteriales;Flavobacteriaceae;Mesoflavibacter;Mesoflavibacter zeaxanthinifaciens S86	Mesoflavibacter zeaxanthinifaciens S86	0	0	0	0	0	0	0	0	0	0	0	0	0	0	0	0	0	0	0	0	0	0	0	0	0	0	0	0	0	0	0	0	0	0	0	0	0	0	0	0	0	0	0	0	0	0	0	0	0	0	0	0	0	0	0	0	0	0	0	0	0	0	0	0	0	0	0	0	0	0	0	0	0	0	0	0	0	0	0	0	0	0	0	0	0	0	1	0	0	0	0	0	33	0	0	0	0	0	0	0	0	0	0	15	2	0	0	0	0	0	0	0	0	0	0	0	0	0	0	0	0	0	0	0	0	0	0	0	0	0	0	0	0	0	0	0	0	0	0	71	0	0	0	0	0	0	0	0	0
species	Main genome;Bacteria;Bacteria (superkingdom);FCB group;Bacteroidota;Bacteroidia;Flavobacteriales;Flavobacteriaceae;Gramella;Gramella flava JLT2011	Gramella flava JLT2011	0	0	0	0	0	0	0	0	0	0	0	0	0	0	0	0	0	0	0	0	0	0	0	0	0	0	0	0	0	0	0	0	0	0	0	0	0	0	0	0	0	0	0	0	0	0	0	0	0	0	0	0	0	0	0	0	0	0	0	0	0	0	0	0	0	0	0	0	0	0	0	0	0	0	0	0	0	0	0	2	11	0	7	0	0	0	0	0	0	0	0	0	0	0	0	0	0	0	0	0	0	0	0	0	0	0	0	0	0	0	0	0	0	0	0	0	0	0	9	153	0	7	0	0	48	0	0	0	0	0	0	129	0	0	0	0	0	0	0	0	0	0	0	0	0	0	0	0	0
species	Main genome;Bacteria;Bacteria (superkingdom);FCB group;Bacteroidota;Bacteroidia;Flavobacteriales;Flavobacteriaceae;Aureitalea;Aureitalea marina	Aureitalea marina	0	0	0	0	0	0	0	0	0	0	0	0	0	0	0	0	0	0	0	0	0	0	0	0	0	0	0	0	0	0	0	0	0	0	0	0	0	0	0	0	0	0	0	0	0	0	0	0	0	0	0	0	0	0	0	0	0	0	0	0	0	0	0	0	0	0	0	0	0	0	0	0	0	0	0	0	0	7	5	1	10	0	0	0	0	0	0	0	0	0	0	0	0	0	0	0	0	0	0	0	0	0	0	0	0	0	0	0	0	0	0	0	0	33	41	3	39	65	98	68	99	4	0	34	0	0	0	0	323	0	0	151	0	0	0	0	0	0	0	0	0	0	0	0	0	0	0	0	0
species	Main genome;Bacteria;Bacteria (superkingdom);FCB group;Bacteroidota;Bacteroidia;Flavobacteriales;Flavobacteriaceae;Croceibacter;Croceibacter atlanticus HTCC2559	Croceibacter atlanticus HTCC2559	0	0	0	0	0	0	0	0	0	0	0	0	0	0	0	0	0	0	0	0	0	0	0	0	0	0	0	1	1	136	11	51	351	11	199	0	0	0	0	0	0	0	0	0	0	0	0	0	14	47	935	0	0	0	30	15	0	0	0	28	140	0	0	0	0	0	0	0	0	0	0	0	0	0	0	0	0	0	0	0	0	0	0	0	0	0	0	0	0	0	0	0	0	0	0	0	0	0	0	0	0	0	0	0	0	0	0	0	0	0	0	0	0	0	0	0	0	0	0	0	0	0	0	0	0	0	0	0	0	0	0	0	0	0	0	0	0	0	0	0	0	0	0	0	0	0	0	0	0
species	Main genome;Bacteria;Bacteria (superkingdom);FCB group;Bacteroidota;Kapabacteria class incertae sedis;Kapabacteria order incertae sedis;Kapabacteria family incertae sedis;Kapabacteria;Kapabacteriales	Kapabacteriales	0	0	0	0	0	0	0	0	0	0	0	0	0	0	0	0	0	0	0	0	0	76	0	0	0	0	0	0	0	0	0	0	0	0	0	0	0	0	0	0	0	0	0	0	0	0	0	0	0	0	0	0	0	0	0	0	0	0	0	0	0	0	0	0	0	0	0	0	0	0	0	0	0	0	0	0	0	0	0	0	0	39	0	0	0	0	0	0	0	0	0	0	0	0	0	0	0	0	0	0	0	0	0	0	0	0	0	0	0	0	0	0	0	0	0	0	0	0	0	0	0	0	0	0	0	0	0	0	0	0	0	0	0	0	0	0	0	0	0	0	0	0	0	0	0	0	0	0	0
